54.2226
55.9982
57.5259
56.5084
55.2555
54.9909
57.1566
58.0908
58.5252
57.5144
57.0825
57.7812
58.2352
57.6512
57.4999
57.9814
58.2577
59.8188
59.7425
58.165
57.1521
57.7466
57.7756
58.3799
58.7767
57.8322
57.7919
58.1387
57.3192
56.6591
56.2652
55.6324
55.3916
55.859
56.53
55.806
54.9371
55.5607
56.3848
57.9224
56.7005
56.9059
59.0818
61.4757
61.5624
59.9273
59.8923
61.3668
62.1625
61.0264
62.5625
61.6079
62.3636
62.3837
61.1106
61.732
61.2143
61.8103
62.6213
61.3632
64.1151
65.2523
63.1922
63.8951
64.2905
63.115
62.829
62.9014
64.5543
64.1536
64.4543
66.2873
64.9846
64.3462
63.6887
64.6352
64.8868
65.3911
66.755
65.1885
65.6234
66.5831
66.1431
66.89
65.8639
66.4424
67.201
67.7826
69.0259
69.5885
69.5801
70.6142
68.7424
68.8586
69.2461
69.1782
70.9649
72.5172
72.2095
71.5657
70.674
72.0736
72.9956
75.883
72.2924
72.2849
72.1741
72.7898
70.7344
73.5955
75.4655
73.825
73.7798
73.9102
73.944
74.9891
74.0581
74.9339
75.7086
80.1997
75.9611
75.0328
76.2375
76.0348
76.3951
76.9301
76.9305
77.4311
78.8659
77.9073
76.2911
76.3498
77.385
76.1963
76.8605
77.3146
80.7545
81.1841
79.5228
79.2027
78.9385
78.6573
79.0221
77.45
77.0448
77.9279
77.6941
78.7848
77.8129
76.3933
76.7917
76.5681
77.8885
79.4688
80.0203
81.1688
78.7863
80.5079
81.2697
80.6433
79.3704
80.4766
81.9917
82.7016
81.3914
80.3798
81.1524
81.8171
83.514
82.5912
82.0999
82.0452
81.248
84.7503
83.1468
81.9952
82.2468
82.906
82.8899
82.7918
83.098
83.6192
84.1171
84.4055
85.3274
85.3601
85.8832
90.3857
86.0499
86.6137
86.5414
87.0764
88.3267
89.5187
89.2336
88.1035
89.4638
88.8127
85.787
86.8037
86.1037
86.9078
88.2037
87.6892
88.8438
87.8386
86.3096
88.1856
85.3498
85.7978
88.2024
87.8009
89.1226
91.1667
90.0366
90.0217
87.2029
88.1732
90.8132
90.01
92.414
93.6304
93.2093
92.9591
95.097
94.5226
91.7547
92.0229
93.1312
91.9055
94.7841
93.9945
93.3228
94.7261
97.3998
95.8018
94.9006
94.3676
94.455
95.2717
94.9076
95.7889
94.7927
95.7207
99.4458
97.8478
94.9608
97.0244
97.9879
96.8166
99.4334
101.6441
100.1039
98.3984
97.9143
97.6979
96.8374
96.9739
95.1933
97.6012
95.711
96.3977
95.9366
94.1937
96.6248
96.7874
98.7299
101.5184
100.0449
100.4424
101.8677
99.8748
101.4789
101.8832
100.7467
100.001
103.2813
104.3942
101.6007
101.5004
101.4035
98.0993
101.8017
102.8987
101.5956
101.9301
102.5439
103.8476
105.301
105.8782
103.4117
104.2811
106.1603
104.1222
102.2164
99.3464
103.6607
104.398
104.6207
106.6784
105.227
103.9355
106.4796
105.1242
103.79
108.0566
108.4961
108.3692
110.142
109.094
107.6087
110.0685
104.1524
105.843
108.3789
107.9645
109.0405
109.0504
110.4361
109.7602
105.3691
106.7185
108.983
107.5912
109.2146
113.0891
109.2704
110.0734
110.9148
108.7805
107.0068
111.7171
111.8455
112.2673
111.6322
110.5608
112.4232
112.7489
110.5191
111.5368
109.6994
111.763
110.104
106.026
108.0429
108.5089
110.5148
112.6723
