40.3	2126.5	40.8	3515.7	40.8	1357.3	39.6	1735.8	41.2	1534.7	39.6	830.7
40.3	2131.7	40.8	3563.1	40.4	1360.0	39.6	1733.9	40.9	1540.6	39.4	829.9
40.4	2147.8	40.9	3590.0	40.2	1361.8	39.6	1749.8	41.0	1548.0	39.3	834.1
39.6	2156.4	40.0	3574.9	39.6	1367.7	39.3	1762.5	40.9	1562.5	38.8	837.9
39.7	2158.7	40.3	3567.3	39.6	1364.2	39.4	1760.6	40.6	1566.2	38.4	834.4
40.1	2153.9	40.6	3564.7	39.6	1356.1	39.3	1746.8	41.1	1582.9	38.8	826.1
39.3	2131.6	39.7	3513.4	39.5	1340.6	38.8	1725.2	40.5	1577.4	38.1	816.3
39.9	2150.7	40.8	3524.1	39.8	1343.7	39.4	1727.9	40.7	1582.6	39.2	821.1
40.2	2177.0	41.0	3560.9	40.1	1346.4	39.7	1751.5	41.0	1599.8	40.0	830.9
40.2	2181.3	41.1	3604.6	40.2	1354.9	40.0	1753.0	41.6	1612.2	39.7	828.6
40.7	2190.9	41.6	3639.5	40.5	1357.5	40.3	1755.6	41.8	1615.1	39.7	829.8
41.1	2205.7	42.3	3695.6	41.1	1363.5	41.2	1757.0	42.4	1625.2	40.2	831.3
40.2	2172.4	41.1	3676.5	40.0	1343.0	39.8	1719.0	41.4	1585.0	39.1	815.9
40.1	2163.6	41.1	3719.4	39.6	1341.9	39.6	1723.4	41.1	1592.1	39.1	813.7
40.3	2186.2	40.7	3757.1	39.8	1350.4	39.9	1743.3	41.5	1602.8	39.4	817.2
39.7	2204.4	39.9	3760.9	39.8	1345.9	39.7	1763.0	41.3	1618.4	39.4	824.6
40.5	2206.8	40.5	3754.2	40.1	1347.8	40.3	1772.6	42.3	1631.0	39.7	827.9
40.7	2214.3	40.6	3758.9	40.3	1349.5	40.7	1774.6	42.4	1638.4	39.8	821.4
39.9	2189.0	40.6	3687.9	39.8	1356.5	40.0	1755.7	41.9	1631.8	38.8	817.3
40.4	2202.7	40.4	3674.1	40.1	1348.4	39.9	1767.0	42.6	1635.6	39.5	813.0
40.1	2216.9	39.9	3725.7	39.7	1355.0	39.7	1775.4	42.4	1653.7	39.3	824.8
39.8	2212.0	40.4	3746.5	40.1	1347.5	39.9	1768.4	42.8	1657.6	39.4	822.7
39.7	2208.5	40.6	3765.2	39.7	1342.5	39.8	1755.9	43.5	1657.0	39.0	816.0
40.0	2207.1	41.1	3805.0	40.0	1343.0	39.9	1746.6	43.4	1662.9	38.8	814.7
29.9	2160.4	40.0	3771.9	29.2	1304.4	35.0	1686.1	35.6	1613.6	28.7	789.9
39.1	2171.2	41.0	3789.3	39.4	1316.1	39.2	1683.1	41.7	1622.7	38.8	792.7
38.9	2185.2	39.9	3819.1	38.8	1314.5	38.4	1696.6	41.5	1628.9	38.6	797.8
38.6	2205.7	39.0	3801.9	39.1	1327.2	38.1	1713.9	40.9	1625.5	38.6	800.1
39.2	2208.4	39.6	3776.9	39.2	1324.5	38.7	1720.3	41.6	1626.1	38.8	801.2
39.4	2218.0	39.4	3763.0	39.6	1326.3	39.2	1722.2	41.6	1619.9	39.5	791.7
38.7	2192.2	39.1	3691.4	38.8	1314.4	38.9	1699.8	40.8	1595.5	38.3	784.5
39.3	2200.4	39.5	3688.3	39.7	1311.2	39.0	1701.3	40.7	1588.3	39.0	777.9
39.4	2218.7	39.7	3713.8	39.3	1305.4	38.8	1714.8	40.5	1596.5	38.6	791.1
40.0	2213.8	40.0	3738.6	39.8	1304.1	39.0	1703.9	41.3	1588.4	39.6	788.1
40.2	2216.0	40.7	3768.9	39.8	1302.4	39.5	1698.2	42.9	1587.7	39.2	786.7
40.4	2228.2	41.4	3819.4	39.6	1299.8	39.8	1696.6	42.7	1590.3	40.1	788.5
40.0	2191.3	40.2	3788.6	39.4	1282.9	39.7	1657.8	40.9	1550.4	39.0	769.6
40.3	2196.2	40.0	3816.1	39.8	1285.6	39.6	1659.2	39.8	1546.0	39.1	768.7
40.3	2218.3	40.1	3856.2	39.9	1294.4	39.6	1678.1	39.6	1551.6	39.2	775.7
40.7	2251.1	40.0	3881.3	40.2	1312.6	40.0	1698.9	39.4	1555.0	39.4	784.5
40.8	2263.0	40.5	3882.9	40.4	1321.3	40.6	1715.7	39.8	1564.4	39.8	790.5
41.7	2284.7	41.3	3894.6	40.8	1338.5	40.9	1721.4	40.4	1567.3	40.8	795.5
40.8	2280.8	40.6	3855.6	40.7	1342.9	40.3	1697.4	40.2	1555.3	39.8	791.1
41.2	2286.5	40.4	3852.3	40.9	1340.6	40.8	1719.9	39.5	1550.2	40.5	787.9
41.7	2334.9	40.6	3939.3	41.6	1348.2	41.1	1765.8	40.3	1578.3	40.8	810.2
41.8	2333.8	41.2	3978.5	41.6	1355.0	41.1	1766.8	39.7	1586.3	40.7	812.9
41.8	2347.0	41.5	4029.3	41.0	1359.1	41.0	1770.7	40.2	1586.4	40.6	812.7
42.3	2366.8	42.2	4090.2	41.6	1364.2	41.1	1775.7	40.7	1590.7	41.6	813.8
40.5	2345.6	41.5	4091.8	40.9	1345.7	40.4	1742.8	41.3	1561.6	40.5	801.0
40.6	2356.4	41.4	4125.3	40.9	1354.6	40.4	1754.0	41.7	1568.3	40.7	806.0
40.9	2384.7	41.1	4185.1	40.7	1362.1	40.8	1776.7	41.6	1578.3	40.4	812.4
41.3	2412.3	41.0	4185.8	41.1	1379.6	41.1	1800.3	42.0	1594.4	40.6	818.8
40.9	2432.0	40.8	4196.7	40.8	1385.7	40.6	1814.7	41.8	1611.4	40.3	823.5
41.2	2461.4	41.5	4208.6	41.1	1402.9	41.7	1826.7	41.7	1619.2	40.8	821.7
40.7	2460.0	41.2	4146.8	40.7	1399.5	40.4	1812.3	41.3	1601.8	39.9	814.3
41.5	2481.8	40.8	4156.0	41.1	1402.0	40.7	1825.4	41.1	1607.8	40.6	813.7
41.0	2502.2	40.9	4223.9	41.0	1398.0	40.9	1850.7	41.9	1618.1	40.8	832.7
40.7	2498.6	40.7	4253.5	40.9	1407.2	40.8	1846.9	41.0	1617.5	40.4	834.1
40.8	2515.2	41.1	4312.8	41.0	1410.3	40.7	1847.1	42.0	1621.1	40.8	834.8
41.8	2534.1	41.7	4364.2	41.4	1404.7	41.7	1847.1	41.7	1618.8	41.0	836.3
40.1	2490.1	40.5	4336.6	40.2	1392.9	40.9	1803.5	41.4	1585.8	40.8	818.5
39.1	2490.9	41.1	4365.7	39.2	1395.9	38.9	1799.9	41.9	1582.3	40.8	818.6
40.2	2519.3	40.5	4415.4	40.3	1404.2	40.7	1830.8	41.8	1593.1	40.6	825.9
40.0	2547.9	40.8	4409.0	40.8	1422.9	40.9	1856.1	41.4	1597.1	39.8	834.3
40.3	2564.9	40.8	4415.5	40.7	1427.6	41.0	1873.7	41.7	1606.4	40.4	839.7
40.9	2580.8	41.1	4410.6	40.9	1429.8	41.5	1881.6	41.9	1601.8	40.6	838.8
40.6	2568.4	40.9	4337.5	40.7	1437.2	40.7	1864.1	41.2	1577.1	39.4	834.0
41.0	2584.5	41.8	4350.6	41.2	1436.3	41.0	1877.9	40.3	1585.0	40.5	834.5
41.0	2607.0	41.9	4400.0	41.2	1435.5	41.2	1903.3	42.0	1596.8	40.8	853.1
41.0	2617.3	41.6	4441.5	41.2	1445.3	41.0	1901.1	42.0	1590.5	40.6	855.3
41.1	2627.5	41.8	4495.3	41.3	1448.5	41.2	1906.2	42.5	1588.0	40.8	857.1
41.7	2638.9	42.5	4542.4	42.0	1449.5	42.7	1915.7	42.7	1590.9	41.6	857.5
41.1	2597.4	40.7	4512.2	41.1	1440.7	41.3	1870.3	41.6	1556.8	40.4	844.1
40.3	2604.4	40.5	4547.3	40.6	1444.6	39.5	1868.9	41.0	1546.4	39.4	842.5
40.5	2624.8	40.6	4589.5	40.4	1447.9	41.2	1894.8	41.7	1547.3	40.4	845.7
40.7	2653.5	40.5	4585.4	40.6	1462.5	41.0	1912.8	41.0	1534.1	40.2	846.9
40.7	2666.4	40.6	4592.8	41.0	1465.8	41.4	1932.9	41.4	1533.8	40.2	850.0
41.1	2678.2	41.0	4583.5	41.2	1467.5	41.3	1931.3	41.4	1518.3	40.5	847.6
40.3	2667.2	40.5	4521.6	41.0	1471.3	41.0	1925.1	41.7	1490.9	39.3	838.5
41.1	2685.7	40.6	4543.2	41.1	1464.5	41.5	1945.2	41.8	1491.2	40.2	834.7
41.5	2703.3	40.8	4600.3	41.6	1465.0	41.3	1963.1	42.5	1503.8	40.9	858.2
41.0	2720.4	40.7	4650.5	41.0	1475.7	41.3	1965.6	42.1	1502.2	40.4	858.9
41.2	2728.0	41.2	4707.1	41.1	1477.0	41.6	1969.9	42.5	1499.0	40.1	856.7
41.6	2739.5	42.1	4759.5	41.9	1477.4	42.1	1977.9	42.6	1498.6	40.8	854.8
41.6	2696.3	41.0	4727.3	41.4	1464.6	41.5	1937.0	41.2	1460.6	40.0	842.3
41.2	2708.2	40.9	4771.7	41.3	1467.9	41.7	1944.7	41.7	1459.4	40.1	844.1
41.0	2725.5	40.7	4822.3	40.9	1473.2	41.3	1967.1	41.8	1464.9	39.9	850.0
40.3	2745.4	40.5	4831.2	40.8	1497.7	40.5	1987.7	41.3	1477.8	39.4	859.9
41.7	2767.7	40.8	4836.5	41.2	1505.0	41.4	2009.9	41.7	1486.9	39.9	865.4
42.3	2784.9	41.1	4844.1	41.6	1507.6	41.7	2021.4	41.5	1484.9	40.2	860.4
42.1	2785.6	40.2	4788.3	41.3	1515.6	41.2	2010.7	41.1	1475.6	39.9	854.6
41.6	2800.0	40.3	4790.2	41.5	1517.5	41.6	2024.7	41.4	1477.2	40.4	857.6
41.2	2822.7	40.0	4863.6	41.9	1527.8	40.8	2049.2	41.8	1493.5	40.7	880.4
42.4	2836.4	40.4	4915.7	41.8	1535.7	41.9	2055.5	42.3	1504.7	40.7	883.8
41.8	2846.8	41.3	4965.9	41.7	1538.1	42.3	2061.1	42.3	1507.0	40.8	885.1
42.4	2864.4	42.0	5020.4	41.7	1541.8	43.0	2071.2	42.8	1510.3	41.3	889.6
41.3	2807.7	40.8	4948.8	41.5	1519.2	42.5	2010.8	42.5	1475.3	40.3	871.2
41.5	2819.1	40.6	5008.4	40.9	1530.0	41.1	2026.3	42.1	1482.6	39.5	875.2
41.3	2844.6	40.5	5061.4	41.1	1540.1	41.9	2052.6	42.7	1495.5	40.1	882.4
41.3	2857.6	40.6	5044.6	41.1	1548.6	41.6	2075.1	42.7	1508.0	39.9	892.2
41.1	2870.0	40.7	5049.1	41.2	1555.7	41.4	2092.1	41.9	1518.2	40.0	897.2
41.5	2890.7	40.9	5057.3	41.6	1572.5	41.9	2106.7	42.8	1521.3	40.7	897.4
41.4	2880.9	39.8	4979.4	40.9	1569.5	41.0	2097.5	42.6	1507.0	40.0	890.6
41.3	2886.0	40.5	4988.9	41.6	1552.0	41.2	2107.9	42.3	1510.8	40.4	889.8
41.4	2901.9	40.3	5086.0	41.7	1567.4	41.3	2129.6	42.1	1526.4	40.1	909.8
41.5	2901.7	40.5	5121.6	41.6	1572.0	41.3	2126.3	42.9	1530.4	40.7	911.3
41.6	2920.4	40.8	5209.2	41.6	1596.1	41.6	2143.3	43.2	1529.4	40.9	922.3
42.1	2930.1	42.0	5244.3	41.7	1581.3	42.4	2136.8	42.4	1534.3	41.5	914.7
41.0	2880.6	40.8	5166.9	41.3	1564.4	40.8	2095.6	42.3	1492.6	40.7	898.4
40.7	2895.2	41.0	5226.5	40.9	1573.2	40.8	2105.2	41.9	1501.6	39.7	901.2
40.8	2905.7	40.7	5279.3	41.2	1585.4	41.1	2130.8	42.3	1513.7	40.1	909.7
40.8	2906.1	40.6	5246.5	41.4	1593.0	40.8	2153.8	42.0	1536.1	39.7	918.0
40.5	2927.9	40.5	5256.2	41.2	1603.3	40.8	2171.5	42.7	1547.9	39.7	924.0
41.2	2947.9	40.8	5267.4	41.2	1602.8	41.5	2185.0	42.5	1554.8	40.2	926.0
41.0	2939.3	40.1	5171.3	40.6	1597.7	40.7	2163.2	42.1	1533.3	39.1	915.2
41.3	2953.3	40.6	5190.4	41.2	1608.2	41.1	2187.6	42.8	1538.5	40.1	912.8
41.5	2972.7	41.0	5272.6	41.5	1617.0	41.5	2212.0	43.3	1552.7	40.3	930.3
41.3	2974.5	41.0	5286.6	41.4	1619.3	40.9	2200.2	43.4	1557.4	39.9	930.4
41.2	2985.7	41.6	5352.5	41.1	1625.5	40.0	2201.2	42.7	1564.0	39.7	933.3
42.1	3004.2	42.2	5414.2	41.5	1625.1	39.8	2200.5	43.6	1568.9	40.7	932.4
