41.1	2938.9	41.2	5323.7	41.1	1606.0	38.9	2144.0	43.3	1541.4	39.4	916.5
40.3	2951.1	41.1	5382.0	40.8	1608.0	37.7	2154.3	42.2	1552.2	39.6	919.7
40.3	2980.0	40.9	5437.0	40.7	1615.3	38.1	2175.4	42.4	1565.8	39.2	928.6
39.7	2979.7	39.8	5407.7	40.3	1635.3	37.2	2192.2	41.9	1579.2	38.1	935.8
40.8	3000.0	40.7	5419.4	40.9	1646.0	38.4	2209.7	43.0	1598.1	39.9	943.3
41.3	3024.6	40.9	5411.3	41.3	1647.8	38.9	2215.7	43.1	1598.4	39.9	941.9
41.3	2999.0	39.9	5293.1	40.7	1638.9	39.0	2184.4	42.3	1587.0	39.0	931.4
41.2	3010.7	40.4	5300.5	41.4	1632.8	38.9	2206.4	42.5	1592.3	39.8	930.8
41.2	3012.8	40.5	5351.9	41.4	1646.8	39.1	2219.5	43.6	1603.7	39.9	948.1
40.5	2994.8	40.2	5362.5	41.2	1648.7	38.9	2207.1	43.2	1609.9	39.1	948.2
40.9	3004.6	41.3	5403.0	40.9	1652.7	38.8	2207.1	43.6	1612.6	39.1	948.5
41.8	3005.2	41.7	5424.9	41.3	1651.0	39.5	2202.7	43.3	1611.4	39.5	945.5
40.7	2918.3	40.4	5290.8	40.7	1616.8	39.1	2133.0	42.8	1576.2	38.7	924.1
39.4	2908.7	40.3	5312.2	40.0	1616.9	38.6	2138.2	41.0	1584.1	38.4	921.7
40.5	2924.8	40.3	5344.6	40.2	1628.6	39.2	2155.0	42.1	1595.0	38.4	926.2
40.4	2923.7	40.1	5305.9	40.1	1636.4	39.0	2165.7	41.9	1607.4	38.9	932.7
40.6	2943.8	40.3	5307.3	40.3	1644.9	39.1	2185.9	42.2	1622.2	38.9	935.5
41.5	2961.4	40.6	5283.5	41.0	1644.0	39.8	2190.1	42.6	1622.8	40.3	938.7
40.8	2928.6	39.9	5182.0	40.0	1641.0	39.0	2168.8	42.1	1606.5	39.4	927.4
41.5	2937.8	40.5	5196.0	41.3	1638.5	40.2	2194.0	42.9	1605.0	40.0	934.5
41.2	2944.0	40.9	5249.3	41.4	1652.5	40.1	2217.1	43.1	1621.1	40.6	950.9
41.4	2939.3	40.9	5260.7	41.1	1660.0	40.2	2215.8	44.0	1630.3	40.2	952.5
41.3	2953.7	41.6	5321.5	41.5	1662.4	40.4	2220.9	44.0	1630.1	40.6	953.5
42.1	2966.6	42.2	5346.7	41.6	1662.4	40.7	2218.7	44.0	1628.8	41.1	952.7
41.1	2906.4	41.0	5266.2	40.9	1637.9	39.9	2166.5	43.0	1591.2	39.6	936.6
41.0	2912.4	40.9	5301.7	40.8	1643.8	40.0	2176.1	42.4	1597.6	39.7	940.1
41.1	2940.4	40.8	5379.8	41.0	1654.1	39.9	2216.0	42.8	1606.5	39.9	945.9
40.5	2957.2	40.3	5346.0	40.7	1665.3	39.6	2223.0	42.2	1620.2	39.5	954.9
41.2	2979.5	40.7	5352.3	41.2	1676.5	40.4	2242.0	42.4	1631.4	40.4	960.7
41.9	2995.0	40.9	5342.4	41.4	1674.4	40.7	2249.5	42.3	1635.8	40.6	961.1
41.3	2991.2	40.2	5256.0	40.8	1671.7	40.0	2235.1	41.8	1622.0	39.8	951.9
41.3	2999.8	40.4	5246.6	41.3	1677.7	40.5	2251.8	42.4	1618.6	40.6	962.9
41.6	3013.3	40.5	5334.9	41.4	1681.4	39.9	2277.0	42.3	1632.2	40.4	970.8
41.7	3035.4	40.8	5387.5	41.5	1700.0	40.9	2294.4	42.8	1644.4	40.7	977.1
41.9	3048.8	41.7	5451.3	41.9	1702.8	40.9	2300.1	43.0	1647.0	41.0	979.2
42.3	3066.7	42.3	5505.7	42.1	1706.7	41.3	2309.0	43.8	1650.3	41.7	981.6
41.4	3003.1	41.1	5423.6	41.0	1676.6	40.7	2249.4	42.2	1613.2	40.4	966.0
41.4	3024.0	41.4	5496.8	40.8	1688.9	40.7	2266.4	42.6	1625.1	40.3	973.3
39.7	3042.1	40.9	5546.9	38.7	1696.0	40.3	2281.6	42.0	1634.4	40.0	980.4
41.2	3073.2	40.5	5576.0	41.0	1714.8	40.6	2312.1	42.2	1646.6	40.1	992.7
41.6	3088.7	41.0	5569.4	41.1	1718.8	40.8	2327.2	42.0	1656.5	40.4	1000.7
41.9	3108.5	40.8	5569.8	41.3	1720.8	41.0	2335.0	42.7	1659.6	41.1	1002.5
41.7	3112.4	40.6	5481.8	40.7	1714.8	40.7	2322.2	41.6	1648.4	40.7	990.1
42.1	3124.2	40.9	5480.9	41.4	1713.0	40.9	2338.1	42.4	1648.7	40.9	1004.6
42.0	3141.1	41.0	5565.3	41.7	1725.0	40.5	2365.3	42.3	1670.8	41.3	1017.5
42.5	3176.5	41.2	5614.4	41.9	1740.0	40.7	2372.8	43.4	1684.4	41.5	1027.5
42.4	3196.3	41.9	5667.8	42.1	1744.9	41.0	2379.8	43.2	1690.1	42.0	1032.6
42.5	3220.5	42.9	5732.3	42.2	1747.5	41.2	2392.0	43.4	1699.9	42.6	1038.3
41.9	3153.3	41.5	5646.7	41.2	1711.7	40.8	2325.0	42.2	1665.0	41.6	1021.6
41.8	3174.3	41.2	5713.9	40.8	1720.1	40.2	2346.9	42.2	1679.2	39.1	1026.6
41.8	3203.6	41.3	5777.2	41.5	1734.3	40.9	2379.6	43.2	1699.9	41.8	1038.0
42.3	3228.7	41.4	5788.0	42.1	1747.9	40.9	2401.0	43.6	1704.6	42.0	1046.3
42.4	3247.3	41.2	5790.8	41.6	1752.6	40.9	2426.9	43.5	1714.2	41.6	1055.8
42.7	3272.7	41.3	5795.5	42.2	1762.7	41.2	2431.3	43.6	1721.7	42.1	1064.5
42.3	3257.9	40.9	5697.5	41.5	1752.0	40.6	2409.4	42.8	1716.9	41.4	1055.4
42.6	3282.2	41.1	5702.7	41.8	1756.8	40.8	2431.4	43.0	1721.8	41.7	1067.2
42.6	3305.4	41.3	5817.1	42.3	1779.1	40.9	2467.7	44.1	1745.4	42.1	1075.5
42.5	3324.4	41.1	5825.3	42.6	1781.0	41.2	2462.5	43.8	1748.4	42.0	1066.9
42.7	3359.8	41.8	5936.3	42.3	1806.1	41.3	2500.1	44.5	1757.4	42.2	1073.0
43.2	3382.1	42.3	5969.1	42.8	1797.5	41.5	2494.0	44.9	1764.7	42.9	1075.9
42.7	3309.1	41.6	5871.1	42.1	1769.5	40.9	2425.0	43.4	1725.2	41.6	1057.9
42.3	3327.0	41.3	5945.1	42.0	1776.7	40.8	2441.6	42.9	1737.5	41.2	1063.6
42.2	3360.3	41.7	6008.7	41.9	1789.5	40.7	2473.3	43.2	1750.9	41.1	1066.5
41.0	3370.7	40.3	5975.4	41.2	1800.3	39.5	2479.1	42.0	1756.8	39.7	1072.5
42.3	3393.7	40.9	5990.1	40.9	1806.0	40.4	2499.5	42.0	1772.1	40.2	1078.7
42.3	3425.6	41.3	5992.1	41.6	1813.8	40.3	2503.5	42.8	1780.4	40.8	1079.3
41.9	3382.5	40.8	5866.8	41.2	1796.2	39.7	2476.5	42.6	1768.2	40.6	1058.2
42.3	3414.9	41.7	5882.1	41.1	1799.2	40.1	2506.8	43.4	1771.8	41.0	1079.7
42.5	3436.5	41.6	5998.9	41.7	1813.5	40.5	2541.7	43.5	1795.9	41.6	1087.9
42.3	3442.7	41.5	6015.6	42.1	1818.1	40.5	2534.5	43.7	1789.9	41.1	1082.0
42.5	3470.1	41.8	6103.5	41.9	1829.1	40.7	2547.9	44.4	1795.3	41.3	1082.7
42.9	3495.0	42.0	6171.5	42.0	1832.0	41.3	2557.4	44.7	1798.1	41.8	1085.4
40.6	3416.9	41.0	6045.0	40.3	1793.8	38.4	2465.5	43.2	1762.0	40.9	1065.9
41.7	3448.4	41.0	6121.1	41.3	1800.4	40.5	2482.2	44.3	1774.3	40.8	1069.3
42.0	3482.2	41.0	6211.0	41.2	1814.3	40.1	2536.2	44.0	1787.5	41.1	1078.5
41.6	3495.3	40.9	6150.2	41.2	1822.7	40.0	2516.9	43.7	1798.7	40.8	1088.0
42.2	3529.4	41.2	6169.7	41.1	1830.3	40.2	2538.7	44.5	1814.1	40.8	1095.3
42.8	3559.4	41.4	6159.7	41.9	1827.7	41.1	2535.5	44.1	1818.7	41.5	1096.8
42.1	3582.4	40.8	6052.5	41.6	1822.0	40.4	2512.2	43.2	1801.3	41.1	1078.4
42.6	3540.6	41.5	6080.7	41.9	1827.6	41.2	2535.7	44.2	1806.7	41.4	1095.3
43.0	3541.4	41.5	6189.4	42.1	1838.0	41.4	2562.7	44.8	1827.1	41.8	1101.9
42.2	3552.4	41.7	6219.3	42.3	1848.1	40.8	2559.4	44.1	1825.8	41.3	1094.6
42.7	3578.3	42.5	6301.2	42.4	1859.4	40.9	2576.0	44.9	1835.1	41.6	1099.6
44.5	3601.0	43.2	6368.0	42.5	1859.3	41.9	2579.1	45.6	1838.6	42.7	1102.8
42.4	3517.7	41.7	6275.9	41.4	1830.0	40.2	2505.3	44.1	1797.6	41.7	1079.9
41.9	3539.5	41.5	6330.9	41.7	1836.0	40.8	2526.5	42.4	1809.0	41.3	1085.9
42.3	3572.7	41.7	6389.6	41.9	1853.8	41.0	2555.6	44.3	1825.1	41.1	1095.4
42.4	3579.5	41.2	6388.8	41.3	1863.2	41.0	2577.0	43.7	1837.2	41.1	1102.8
42.3	3606.4	41.7	6404.9	41.8	1871.2	40.9	2588.9	44.1	1846.1	40.9	1111.6
42.3	3624.0	41.9	6398.2	41.4	1868.7	41.3	2595.2	43.8	1853.5	40.9	1105.9
42.0	3596.0	41.2	6299.8	41.2	1861.8	40.3	2567.0	43.7	1845.1	40.5	1094.6
42.2	3618.9	41.6	6322.8	41.6	1861.9	41.4	2588.0	44.5	1845.4	41.1	1112.2
42.5	3646.8	41.9	6439.0	42.3	1875.4	41.5	2611.3	44.5	1868.2	42.1	1117.8
42.2	3662.2	41.9	6463.9	42.1	1885.5	41.3	2620.5	44.5	1873.4	41.9	1122.5
42.5	3686.8	42.2	6525.7	42.7	1891.8	41.8	2631.3	44.5	1881.8	42.1	1125.5
43.6	3721.9	42.9	6601.1	42.9	1895.4	42.5	2641.4	45.0	1890.8	43.0	1131.3
42.0	3639.0	42.0	6518.9	42.3	1860.9	41.1	2563.6	43.9	1843.4	41.2	1109.5
41.6	3660.6	41.6	6578.4	41.8	1869.7	40.8	2579.8	44.0	1858.5	41.3	1115.4
41.8	3694.0	41.6	6628.6	41.8	1884.1	41.1	2605.8	44.6	1870.9	41.3	1119.6
41.0	3698.2	40.9	6598.5	41.5	1903.5	39.7	2623.8	43.1	1890.7	40.3	1132.0
42.2	3730.5	41.8	6608.7	42.2	1908.7	40.6	2645.1	44.2	1901.6	41.4	1137.8
42.2	3757.6	41.8	6618.5	42.5	1913.6	40.9	2651.2	44.2	1903.4	41.5	1135.8
41.9	3730.3	41.4	6518.6	41.9	1889.2	39.8	2628.6	44.3	1886.8	41.0	1126.0
41.5	3759.1	41.7	6521.5	42.3	1894.4	40.7	2646.2	44.1	1886.1	41.6	1139.3
41.3	3777.4	41.0	6630.7	42.4	1907.7	38.5	2665.7	43.2	1903.1	40.9	1143.3
41.8	3790.5	41.9	6691.5	42.1	1910.3	40.4	2672.6	44.3	1896.0	42.0	1146.2
41.8	3815.3	42.1	6758.8	42.9	1915.5	40.8	2684.1	43.9	1899.9	41.7	1147.3
42.8	3837.2	43.0	6832.6	42.9	1919.8	41.2	2694.1	44.7	1907.0	42.5	1151.8
41.6	3731.7	42.2	6693.1	42.2	1883.8	40.7	2603.3	43.9	1866.2	41.5	1127.4
40.8	3763.3	42.1	6772.6	41.7	1895.4	40.2	2627.0	43.3	1879.0	41.1	1132.3
41.4	3791.1	42.2	6825.6	42.1	1910.8	40.4	2654.4	43.3	1888.2	41.2	1143.5
41.6	3829.8	41.7	6809.1	41.7	1919.3	40.4	2673.6	43.4	1889.3	41.3	1155.4
42.4	3856.2	41.5	6816.0	41.8	1922.8	40.5	2684.6	43.4	1891.3	40.8	1159.5
42.3	3881.2	42.3	6829.7	42.1	1924.9	40.8	2691.3	43.4	1898.1	41.1	1161.3
41.8	3848.2	41.4	6695.9	41.9	1917.5	40.2	2681.2	42.9	1883.3	41.0	1149.3
41.0	3872.6	42.0	6706.6	42.0	1916.1	40.8	2698.0	43.0	1884.5	41.1	1161.5
41.5	3891.4	39.3	6806.3	42.3	1931.7	40.6	2715.4	42.3	1903.8	41.3	1165.9
41.9	3904.6	41.5	6863.2	41.9	1930.8	40.6	2721.5	42.9	1907.4	41.4	1158.1
42.6	3929.3	42.4	6945.6	42.3	1937.1	40.9	2731.9	43.5	1916.4	41.7	1160.6
43.5	3955.2	42.9	7028.6	42.7	1943.6	41.6	2741.6	43.8	1920.5	42.2	1163.5
42.1	3851.6	42.1	6919.5	42.1	1903.3	40.8	2665.1	43.3	1887.8	41.3	1144.1
41.6	3880.3	42.3	6981.9	41.7	1910.4	40.5	2683.9	43.3	1901.7	41.5	1145.0
41.3	3922.3	42.0	7061.4	41.9	1929.1	40.8	2727.5	42.5	1916.5	41.1	1153.8
41.8	3925.6	41.9	7045.6	42.4	1931.3	40.7	2725.7	42.7	1922.1	40.8	1158.3
40.9	3958.4	42.1	7079.3	41.9	1945.0	40.4	2740.8	42.3	1938.3	40.2	1166.7
41.3	3971.6	42.3	7029.7	42.0	1941.0	40.6	2745.2	42.3	1929.5	40.9	1164.0
41.1	3944.4	41.4	6963.8	41.5	1922.4	39.8	2719.4	42.7	1904.4	40.5	1147.2
41.2	3970.6	41.5	7069.9	41.9	1928.7	39.6	2737.3	43.3	1907.6	40.4	1157.0
41.1	3978.7	41.4	7104.9	42.1	1941.2	39.8	2748.5	43.0	1922.4	40.6	1155.3
41.4	3982.0	41.6	7118.3	41.9	1936.3	40.0	2745.9	42.7	1921.7	40.6	1149.8
41.4	3994.0	41.8	7197.1	41.7	1941.9	39.8	2753.1	42.5	1925.8	40.3	1150.7
41.9	4012.1	42.5	7262.5	41.7	1943.7	40.1	2754.7	42.8	1935.0	40.6	1150.7
40.9	3931.3	41.9	7096.7	41.2	1894.4	39.1	2673.4	42.1	1897.3	39.9	1128.8
40.0	3945.2	41.7	7167.7	40.8	1903.9	39.0	2683.1	42.1	1908.9	39.3	1128.8
40.3	3971.8	42.1	7229.5	41.2	1914.8	39.5	2701.2	42.0	1923.1	39.6	1131.1
38.9	3951.7	41.2	7194.7	40.4	1919.6	38.0	2705.5	41.0	1924.4	38.2	1136.3
40.1	3958.3	41.6	7198.5	40.7	1921.2	39.1	2708.1	42.5	1930.8	39.1	1138.2
40.6	3962.4	42.1	7135.1	40.8	1918.6	39.7	2703.2	42.5	1930.7	39.4	1135.1
40.4	3915.3	41.2	7046.0	41.1	1897.5	38.7	2666.2	42.1	1900.6	39.6	1120.8
41.3	3947.1	41.2	7147.1	41.0	1905.2	39.5	2684.1	42.5	1906.5	39.7	1131.7
41.2	3939.0	41.6	7147.8	41.1	1910.2	39.6	2691.2	42.7	1918.5	40.2	1130.9
40.7	3929.7	42.1	7138.8	40.6	1903.5	38.9	2676.8	42.2	1911.7	39.5	1124.9
40.8	3933.0	42.0	7187.0	40.7	1908.1	39.4	2683.3	42.7	1915.8	39.6	1126.6
41.2	3934.7	42.4	7228.0	41.3	1907.9	40.1	2683.0	42.6	1916.1	41.6	1126.1
41.0	3816.3	41.9	7089.1	40.7	1859.7	39.8	2611.9	42.2	1872.2	41.1	1111.0
40.0	3833.3	41.2	7144.9	40.6	1868.4	39.7	2622.8	40.7	1880.1	41.1	1113.8
41.1	3860.3	42.5	7206.4	40.9	1882.6	40.1	2643.7	43.9	1890.9	41.3	1120.3
40.6	3870.6	42.2	7186.4	41.8	1888.3	39.6	2660.0	43.2	1903.1	40.8	1127.8
40.8	3885.1	41.9	7198.3	42.1	1891.6	39.5	2670.2	43.7	1907.1	41.0	1131.7
41.3	3895.3	41.7	7116.4	41.5	1886.1	40.1	2672.0	45.1	1907.5	41.2	1133.2
39.9	3841.1	41.3	7037.0	41.5	1872.4	39.9	2657.2	44.4	1883.9	40.1	1119.6
41.0	3875.6	42.0	7143.5	41.8	1879.8	40.5	2674.7	44.6	1888.2	40.5	1128.3
41.4	3874.5	42.1	7154.3	42.0	1888.3	40.7	2684.2	45.3	1899.8	40.7	1130.6
41.2	3881.8	41.4	7184.2	41.1	1889.9	40.3	2684.6	43.7	1897.6	39.3	1122.1
41.1	3896.8	43.5	7253.2	41.2	1897.0	40.1	2693.5	44.9	1908.7	39.2	1121.5
41.4	3903.3	43.2	7310.5	41.7	1894.8	40.7	2698.1	44.5	1908.4	41.5	1123.2
39.9	3797.4	42.3	7176.8	41.7	1857.0	39.4	2619.8	43.0	1882.8	40.3	1107.2
40.2	3809.7	41.8	7232.3	41.6	1864.0	39.4	2627.9	42.8	1893.1	40.2	1108.7
40.3	3832.0	41.6	7287.6	41.3	1875.0	39.2	2646.0	42.3	1899.4	39.6	1112.1
39.8	3836.4	41.3	7262.3	41.4	1879.1	39.3	2662.8	43.7	1906.4	38.2	1116.4
40.1	3847.1	40.0	7266.8	41.6	1882.2	39.4	2671.8	44.7	1913.2	38.5	1116.6
40.6	3842.0	40.5	7184.5	41.1	1875.8	39.9	2668.1	44.5	1911.5	39.5	1110.8
39.9	3819.9	39.7	7116.9	40.4	1862.1	39	2637.3	43.6	1890.8	39.2	1104.4
38.9	3858.1	40.7	7217.7	40.8	1869.3	40.4	2661.8	44.2	1895.0	40.2	1111.7
39.3	3865.3	41.5	7238.0	40.9	1877.1	40.3	2675.7	45.4	1908.7	40.5	1119.4
38.9	3861.1	40.5	7283.2	40.3	1883.7	39.9	2683.5	45.2	1916.9	40.5	1123.1
39.6	3878.0	41.2	7331.2	40.5	1889.6	40.4	2694.7	45.0	1923.4	40.6	1124.7
39.8	3892.1	40.8	7403.3	40.6	1891.8	40.8	2702.4	44.5	1925.2	41.1	1123.2
39.1	3816.2	41.1	7332.7	40.9	1862.6	40.4	2637.4	43.3	1891.4	40.6	1108.3
39.2	3836.1	42.0	7404.7	40.0	1872.4	40.6	2668.4	44.0	1902.7	39.8	1113.3
38.4	3864.9	41.4	7470.8	40.4	1886.5	40.6	2678.9	44.2	1919.7	40.3	1120.9
38.4	3888.9	41.2	7507.1	41.1	1899.3	39.7	2700.4	44.2	1924.7	39.9	1129.8
39.2	3898.9	42.4	7511.6	41.9	1903.8	40.7	2706.7	43.8	1923.0	39.9	1129.4
40.0	3892.0	41.5	7444.1	41.3	1908.8	40.5	2710.6	43.6	1924.5	39.4	1125.6
39.7	3883.7	41.4	7405.6	41.0	1900.9	39	2693.6	42.7	1905.9	39.5	1114.7
38.9	3920.8	39.4	7493.2	41.0	1903.9	40.1	2716.3	43.2	1908.5	40.6	1124.1
38.6	3907.9	39.2	7471.0	38.7	1908.4	39.4	2725.5	41.4	1913.3	40.1	1132.1
39.1	3943.5	41.1	7555.0	41.2	1915.6	39.3	2732.6	45.3	1922.0	39.7	1130.3
39.8	3961.9	41.0	7657.0	40.7	1926.2	39.1	2746.2	45.5	1935.8	40.3	1132.9
39.5	3967.3	41.3	7736.5	41.9	1932.4	40.2	2756.2	46.2	1939.0	41.5	1133.1
39.3	3908.8	41.6	7621.9	42.1	1899.8	39.3	2671.3	43.4	1904.9	40.7	1118.4
38.5	3929.5	42.7	7704.9	41.5	1910.5	39.3	2696.1	41.6	1913.9	40.4	1126.1
38.9	3937.0	41.7	7751.6	40.9	1925.1	39	2718.4	42.9	1930.8	40.6	1134.2
38.7	3993.3	41.8	7794.2	40.4	1943.1	38.6	2739.5	42.5	1948.5	40.1	1139.0
38.9	4011.1	42.0	7812.4	40.9	1948.2	39.2	2746.5	42.2	1951.8	39.3	1138.7
39.2	3996.2	41.6	7718.4	41.2	1951.4	39.1	2743.7	42.8	1953.3	39.2	1133.6
39.0	3982.7	40.9	7698.1	39.6	1939.6	38.2	2731.8	42.0	1937.6	39.1	1123.4
39.5	4032.3	41.0	7815.0	41.4	1947.9	39.1	2753.6	43.0	1941.1	40.5	1134.3
38.6	4031.3	41.5	7860.0	40.6	1958.2	39.8	2776.3	38.9	1823.8	40.3	1120.1
39.3	4044.6	41.6	7866.8	39.1	1961.9	39.5	2767.1	40.6	1776.0	39.2	1125.0
39.1	4071.8	42.0	7941.2	40.7	1974.2	39.1	2784.7	41.6	1801.9	40.0	1137.7
39.3	4076.0	41.7	8014.6	41.6	1979.2	39.9	2788.3	42.2	1817.6	41.2	1132.0
39.6	4016.0	41.1	7882.6	40.4	1944.9	39.3	2727.1	42.5	1789.8	40.1	1116.2
39.4	4037.5	41.3	7957.3	40.8	1956.1	39.3	2734.8	40.8	1813.1	39.5	1126.0
40.9	4056.5	41.3	8037.8	40.6	1974.5	39.2	2765.3	42.5	1839.8	39.7	1137.1
39.0	4082.6	40.6	8018.1	40.1	1978.5	38.9	2781.4	41.5	1841.5	37.6	1141.0
39.1	4098.5	41.6	8035.9	41.4	1984.2	39.6	2791.6	43.5	1854.3	39.2	1144.8
39.0	4091.0	41.4	7951.3	42.6	1994.6	39.8	2791.4	43.9	1859.4	39.3	1143.9
39.1	4057.9	40.5	7878.1	41.4	1972.0	37.8	2769.8	43.5	1835.0	39.2	1125.2
39.1	4099.9	41.4	7994.8	41.0	1981.0	39.5	2796.8	43.7	1852.4	39.7	1143.8
38.5	4096.7	42.4	8011.0	41.1	1990.4	39.6	2810.2	42.2	1874.9	39.4	1153.0
38.5	4128.1	42.1	8012.8	40.8	1984.2	39.6	2793.8	44.7	1880.5	38.8	1149.0
40.2	4150.7	42.5	8096.3	40.6	1994.6	40.2	2811.4	43.7	1892.9	39.5	1155.9
41.4	4153.6	42.2	8153.2	40.5	2000.1	39.4	2818.6	43.8	1904.6	40.6	1156.0
38.6	4094.3	41.9	8011.9	40.1	1974.9	38.4	2744.9	41.5	1876.5	39.9	1138.4
39.5	4114.8	41.1	8078.5	40.1	1987.3	39.2	2753.7	41.9	1895.4	39.5	1144.6
40.0	4130.9	40.3	8142.9	40.1	2004.4	39.7	2784.0	41.7	1915.5	39.8	1148.3
38.6	4140.2	40.6	8094.9	40.1	2000.9	39.2	2787.9	41.5	1904.5	39.8	1153.8
39.0	4158.8	40.5	8089.6	40.2	2009.4	39.5	2799.3	41.7	1911.6	40.4	1156.2
39.4	4147.3	41.6	7981.0	40.3	2018.4	40	2798.0	42.4	1917.7	40.8	1152.9
39.8	4115.8	41.8	7872.1	40.3	1994.0	39.2	2782.4	43.0	1894.0	41.4	1137.2
39.8	4160.0	41.4	7971.5	40.2	2004.4	42.1	2811.2	43.8	1911.3	41.7	1153.8
39.7	4154.3	41.3	7958.2	40.2	2013.3	42.1	2821.7	42.1	1922.0	41.6	1161.2
39.7	4164.0	41.1	7947.3	40.1	2012.4	39.9	2815.9	41.7	1936.5	40.3	1158.3
39.0	4184.8	41.1	8020.1	40.2	2022.0	39.7	2833.6	42.1	1947.1	40.4	1164.2
39.0	4181.1	41.0	8053.2	40.4	2026.7	41.1	2836.4	41.9	1953.5	41.2	1164.3
38.4	4110.7	40.3	7871.8	40.2	1986.0	40.6	2762.4	41.3	1910.6	40.7	1147.3
39.3	4130.7	39.6	7927.8	40.2	1994.5	38.4	2771.9	42.1	1928.5	39.8	1153.5
39.7	4131.8	40.6	7949.4	40.3	2002.7	38.2	2790.1	41.1	1937.6	40.4	1157.6
39.1	4137.0	40.0	7875.9	40.3	2008.4	39	2798.6	41.5	1943.5	39.4	1161.6
39.3	4147.4	40.7	7848.6	40.2	2012.0	39.8	2805.9	41.6	1949.3	39.8	1160.9
39.9	4119.3	40.3	7711.2	40.2	2011.2	40	2782.3	43.3	1947.0	40.4	1152.7
39.9	4077.9	39.0	7631.9	40.3	1990.9	39.6	2761.4	42.8	1923.7	40.8	1128.6
39.8	4105.2	39.4	7691.0	40.3	1992.1	43.1	2773.3	42.6	1941.6	41.1	1141.9
39.5	4081.5	40.3	7670.1	40.3	1992.6	43.3	2780.5	41.4	1927.6	40.4	1145.9
38.9	4086.5	39.5	7680.3	40.1	1998.5	42.3	2772.9	43.0	1954.8	40.9	1141.4
39.4	4066.6	39.2	7650.7	40.0	1978.6	42.1	2767.5	43.2	1957.1	41.2	1141.2
39.0	4034.8	38.7	7656.9	40.0	1962.3	40.7	2747.0	42.2	1958.5	42.0	1131.3
