5.5	2126.5	40.3	6.0	3515.7	40.8	7.3	1357.3	40.8	7.1	1735.8	39.6	7.8	1534.7	41.2	6.8	830.7	39.6
5.7	2131.7	40.3	5.3	3563.1	40.8	7.8	1360.0	40.4	6.9	1733.9	39.6	7.0	1540.6	40.9	6.6	829.9	39.4
5.8	2147.8	40.4	5.3	3590.0	40.9	7.0	1361.8	40.2	6.8	1749.8	39.6	6.3	1548.0	41.0	6.5	834.1	39.3
5.9	2156.4	39.6	5.5	3574.9	40.0	7.1	1367.7	39.6	6.6	1762.5	39.3	6.3	1562.5	40.9	6.5	837.9	38.8
6.0	2158.7	39.7	5.6	3567.3	40.3	7.7	1364.2	39.6	6.5	1760.6	39.4	6.8	1566.2	40.6	7.4	834.4	38.4
7.7	2153.9	40.1	6.7	3564.7	40.6	9.4	1356.1	39.6	7.8	1746.8	39.3	7.7	1582.9	41.1	9.7	826.1	38.8
7.6	2131.6	39.3	6.8	3513.4	39.7	9.9	1340.6	39.5	7.6	1725.2	38.8	7.1	1577.4	40.5	8.4	816.3	38.1
6.9	2150.7	39.9	6.6	3524.1	40.8	9.8	1343.7	39.8	7.8	1727.9	39.4	6.5	1582.6	40.7	8.4	821.1	39.2
6.4	2177.0	40.2	6.8	3560.9	41.0	8.9	1346.4	40.1	7.3	1751.5	39.7	6.7	1599.8	41.0	8.0	830.9	40.0
6.3	2181.3	40.2	6.7	3604.6	41.1	9.1	1354.9	40.2	7.7	1753.0	40.0	7.0	1612.2	41.6	8.0	828.6	39.7
5.8	2190.9	40.7	6.3	3639.5	41.6	8.7	1357.5	40.5	7.8	1755.6	40.3	6.7	1615.1	41.8	7.9	829.8	39.7
5.3	2205.7	41.1	5.7	3695.6	42.3	8.4	1363.5	41.1	7.7	1757.0	41.2	6.9	1625.2	42.4	7.8	831.3	40.2
6.2	2172.4	40.2	6.8	3676.5	41.1	9.4	1343.0	40.0	9.3	1719.0	39.8	8.7	1585.0	41.4	9.0	815.9	39.1
6.7	2163.6	40.1	6.1	3719.4	41.1	9.8	1341.9	39.6	9.1	1723.4	39.6	7.5	1592.1	41.1	8.6	813.7	39.1
6.3	2186.2	40.3	6.2	3757.1	40.7	8.7	1350.4	39.8	8.8	1743.3	39.9	7.6	1602.8	41.5	8.3	817.2	39.4
5.8	2204.4	39.7	5.9	3760.9	39.9	8.3	1345.9	39.8	8.2	1763.0	39.7	7.6	1618.4	41.3	7.6	824.6	39.4
5.9	2206.8	40.5	6.3	3754.2	40.5	8.6	1347.8	40.1	8.3	1772.6	40.3	8.0	1631.0	42.3	8.2	827.9	39.7
7.2	2214.3	40.7	7.2	3758.9	40.6	10.2	1349.5	40.3	9.5	1774.6	40.7	9.7	1638.4	42.4	10.1	821.4	39.8
6.6	2189.0	39.9	7.0	3687.9	40.6	9.4	1356.5	39.8	9.2	1755.7	40.0	9.3	1631.8	41.9	8.6	817.3	38.8
6.3	2202.7	40.4	6.9	3674.1	40.4	9.9	1348.4	40.1	9.1	1767.0	39.9	8.8	1635.6	42.6	8.8	813.0	39.5
6.7	2216.9	40.1	7.5	3725.7	39.9	9.9	1355.0	39.7	9.2	1775.4	39.7	8.2	1653.7	42.4	8.8	824.8	39.3
6.9	2212.0	39.8	7.3	3746.5	40.4	10.5	1347.5	40.1	9.6	1768.4	39.9	8.3	1657.6	42.8	8.4	822.7	39.4
6.8	2208.5	39.7	7.4	3765.2	40.6	10.8	1342.5	39.7	10.0	1755.9	39.8	8.5	1657.0	43.5	8.8	816.0	39.0
7.1	2207.1	40.0	7.2	3805.0	41.1	11.1	1343.0	40.0	10.1	1746.6	39.9	9.1	1662.9	43.4	8.8	814.7	38.8
7.5	2160.4	39.6	7.7	3771.9	40.0	12.3	1304.4	39.7	11.3	1686.1	35.0	10.5	1613.6	42.6	10.1	789.9	38.8
7.4	2171.2	39.1	7.6	3789.3	41.0	12.7	1316.1	39.4	11.6	1683.1	39.2	9.5	1622.7	41.7	10.7	792.7	38.8
7.3	2185.2	38.9	7.6	3819.1	39.9	12.1	1314.5	38.8	11.4	1696.6	38.4	9.4	1628.9	41.5	10.5	797.8	38.6
7.1	2205.7	38.6	7.7	3801.9	39.0	11.9	1327.2	39.1	11.0	1713.9	38.1	9.1	1625.5	40.9	10.7	800.1	38.6
7.1	2208.4	39.2	7.8	3776.9	39.6	11.9	1324.5	39.2	10.7	1720.3	38.7	9.5	1626.1	41.6	11.2	801.2	38.8
8.2	2218.0	39.4	8.6	3763.0	39.4	13.5	1326.3	39.6	12.0	1722.2	39.2	11.3	1619.9	41.6	13.3	791.7	39.5
8.0	2192.2	38.7	8.7	3691.4	39.1	13.6	1314.4	38.8	11.9	1699.8	38.9	10.6	1595.5	40.8	12.1	784.5	38.3
7.4	2200.4	39.3	8.5	3688.3	39.5	13.8	1311.2	39.7	11.8	1701.3	39.0	10.4	1588.3	40.7	12.2	777.9	39.0
7.8	2218.7	39.4	9.0	3713.8	39.7	13.6	1305.4	39.3	11.6	1714.8	38.8	10.4	1596.5	40.5	12.0	791.1	38.6
8.1	2213.8	40.0	9.1	3738.6	40.0	14.0	1304.1	39.8	11.7	1703.9	39.0	10.4	1588.4	41.3	11.5	788.1	39.6
8.1	2216.0	40.2	9.2	3768.9	40.7	14.3	1302.4	39.8	12.2	1698.2	39.5	10.6	1587.7	42.9	11.5	786.7	39.2
8.2	2228.2	40.4	8.9	3819.4	41.4	14.5	1299.8	39.6	12.3	1696.6	39.8	10.8	1590.3	42.7	12.0	788.5	40.1
8.5	2191.3	40.0	9.5	3788.6	40.2	14.8	1282.9	39.4	13.3	1657.8	39.7	12.4	1550.4	40.9	13.7	769.6	39.0
8.5	2196.2	40.3	9.1	3816.1	40.0	15.0	1285.6	39.8	13.0	1659.2	39.6	12.1	1546.0	39.8	13.9	768.7	39.1
8.0	2218.3	40.3	8.9	3856.2	40.1	13.4	1294.4	39.9	12.5	1678.1	39.6	12.0	1551.6	39.6	13.3	775.7	39.2
7.4	2251.1	40.7	8.4	3881.3	40.0	12.7	1312.6	40.2	11.8	1698.9	40.0	11.8	1555.0	39.4	13.0	784.5	39.4
7.3	2263.0	40.8	8.5	3882.9	40.5	12.3	1321.3	40.4	11.3	1715.7	40.6	12.1	1564.4	39.8	13.4	790.5	39.8
8.3	2284.7	41.7	9.3	3894.6	41.3	13.6	1338.5	40.8	12.4	1721.4	40.9	13.6	1567.3	40.4	15.1	795.5	40.8
7.9	2280.8	40.8	8.9	3855.6	40.6	12.8	1342.9	40.7	11.7	1697.4	40.3	12.7	1555.3	40.2	12.9	791.1	39.8
7.4	2286.5	41.2	8.6	3852.3	40.4	12.9	1340.6	40.9	11.7	1719.9	40.8	12.7	1550.2	39.5	12.6	787.9	40.5
7.3	2334.9	41.7	8.6	3939.3	40.6	12.2	1348.2	41.6	11.1	1765.8	41.1	12.0	1578.3	40.3	11.9	810.2	40.8
7.2	2333.8	41.8	8.3	3978.5	41.2	11.9	1355.0	41.6	10.8	1766.8	41.1	9.9	1586.3	39.7	11.0	812.9	40.7
6.4	2347.0	41.8	7.6	4029.3	41.5	11.3	1359.1	41.0	10.5	1770.7	41.0	9.6	1586.4	40.2	10.3	812.7	40.6
6.2	2366.8	42.3	7.0	4090.2	42.2	10.9	1364.2	41.6	10.2	1775.7	41.1	9.5	1590.7	40.7	10.2	813.8	41.6
6.6	2345.6	40.5	7.4	4091.8	41.5	11.5	1345.7	40.9	11.1	1742.8	40.4	10.5	1561.6	41.3	11.2	801.0	40.5
6.4	2356.4	40.6	6.7	4125.3	41.4	11.4	1354.6	40.9	10.5	1754.0	40.4	9.6	1568.3	41.7	10.7	806.0	40.7
6.0	2384.7	40.9	6.3	4185.1	41.1	10.4	1362.1	40.7	10.2	1776.7	40.8	9.2	1578.3	41.6	10.6	812.4	40.4
5.6	2412.3	41.3	6.3	4185.8	41.0	10.0	1379.6	41.1	9.6	1800.3	41.1	9.1	1594.4	42.0	10.3	818.8	40.6
5.5	2432.0	40.9	6.2	4196.7	40.8	9.3	1385.7	40.8	8.8	1814.7	40.6	9.2	1611.4	41.8	10.3	823.5	40.3
6.5	2461.4	41.2	6.8	4208.6	41.5	10.5	1402.9	41.1	9.5	1826.7	41.7	10.4	1619.2	41.7	12.1	821.7	40.8
6.6	2460.0	40.7	7.0	4146.8	41.2	10.7	1399.5	40.7	9.5	1812.3	40.4	10.1	1601.8	41.3	11.7	814.3	39.9
6.1	2481.8	41.5	6.8	4156.0	40.8	10.6	1402.0	41.1	9.2	1825.4	40.7	10.0	1607.8	41.1	11.7	813.7	40.6
6.1	2502.2	41.0	6.9	4223.9	40.9	9.9	1398.0	41.0	8.5	1850.7	40.9	9.9	1618.1	41.9	11.0	832.7	40.8
6.1	2498.6	40.7	6.7	4253.5	40.7	9.5	1407.2	40.9	8.3	1846.9	40.8	10.1	1617.5	41.0	10.3	834.1	40.4
5.6	2515.2	40.8	6.2	4312.8	41.1	9.2	1410.3	41.0	8.2	1847.1	40.7	9.9	1621.1	42.0	9.9	834.8	40.8
5.7	2534.1	41.8	6.0	4364.2	41.7	9.2	1404.7	41.4	8.0	1847.1	41.7	10.4	1618.8	41.7	9.8	836.3	41.0
6.4	2490.1	40.1	6.6	4336.6	40.5	9.8	1392.9	40.2	9.3	1803.5	40.9	11.8	1585.8	41.4	10.9	818.5	40.8
6.4	2490.9	39.1	6.0	4365.7	41.1	9.9	1395.9	39.2	8.9	1799.9	38.9	11.3	1582.3	41.9	10.9	818.6	40.8
6.2	2519.3	40.2	5.9	4415.4	40.5	9.0	1404.2	40.3	8.6	1830.8	40.7	11.1	1593.1	41.8	10.8	825.9	40.6
6.1	2547.9	40.0	6.0	4409.0	40.8	8.2	1422.9	40.8	8.1	1856.1	40.9	10.8	1597.1	41.4	10.4	834.3	39.8
6.2	2564.9	40.3	5.9	4415.5	40.8	7.8	1427.6	40.7	7.7	1873.7	41.0	11.0	1606.4	41.7	10.3	839.7	40.4
7.2	2580.8	40.9	6.7	4410.6	41.1	9.0	1429.8	40.9	8.7	1881.6	41.5	12.4	1601.8	41.9	12.0	838.8	40.6
7.0	2568.4	40.6	6.7	4337.5	40.9	8.7	1437.2	40.7	8.5	1864.1	40.7	12.2	1577.1	41.2	11.4	834.0	39.4
6.3	2584.5	41.0	6.3	4350.6	41.8	8.4	1436.3	41.2	8.0	1877.9	41.0	11.7	1585.0	40.3	10.9	834.5	40.5
6.3	2607.0	41.0	6.5	4400.0	41.9	8.2	1435.5	41.2	7.8	1903.3	41.2	11.5	1596.8	42.0	10.8	853.1	40.8
6.0	2617.3	41.0	6.0	4441.5	41.6	8.1	1445.3	41.2	7.6	1901.1	41.0	11.3	1590.5	42.0	10.2	855.3	40.6
5.5	2627.5	41.1	5.7	4495.3	41.8	8.1	1448.5	41.3	7.8	1906.2	41.2	11.1	1588.0	42.5	10.2	857.1	40.8
5.5	2638.9	41.7	5.5	4542.4	42.5	8.2	1449.5	42.0	7.8	1915.7	42.7	11.3	1590.9	42.7	10.6	857.5	41.6
5.7	2597.4	41.1	5.8	4512.2	40.7	8.8	1440.7	41.1	8.6	1870.3	41.3	12.1	1556.8	41.6	11.5	844.1	40.4
6.1	2604.4	40.3	5.6	4547.3	40.5	9.7	1444.6	40.6	8.7	1868.9	39.5	12.6	1546.4	41.0	11.9	842.5	39.4
5.9	2624.8	40.5	5.6	4589.5	40.6	9.2	1447.9	40.4	8.4	1894.8	41.2	11.8	1547.3	41.7	12.0	845.7	40.4
5.6	2653.5	40.7	5.6	4585.4	40.5	8.6	1462.5	40.6	7.7	1912.8	41.0	11.9	1534.1	41.0	11.8	846.9	40.2
5.7	2666.4	40.7	5.8	4592.8	40.6	8.6	1465.8	41.0	7.3	1932.9	41.4	12.1	1533.8	41.4	12.2	850.0	40.2
6.6	2678.2	41.1	6.3	4583.5	41.0	9.9	1467.5	41.2	8.4	1931.3	41.3	13.6	1518.3	41.4	13.8	847.6	40.5
6.4	2667.2	40.3	6.2	4521.6	40.5	9.3	1471.3	41.0	7.9	1925.1	41.0	12.9	1490.9	41.7	12.7	838.5	39.3
5.8	2685.7	41.1	5.9	4543.2	40.6	9.1	1464.5	41.1	7.6	1945.2	41.5	12.6	1491.2	41.8	12.2	834.7	40.2
6.0	2703.3	41.5	6.4	4600.3	40.8	9.1	1465.0	41.6	7.6	1963.1	41.3	12.8	1503.8	42.5	12.2	858.2	40.9
5.9	2720.4	41.0	6.1	4650.5	40.7	9.1	1475.7	41.0	7.5	1965.6	41.3	12.6	1502.2	42.1	11.9	858.9	40.4
5.6	2728.0	41.2	6.0	4707.1	41.2	9.1	1477.0	41.1	7.6	1969.9	41.6	12.5	1499.0	42.5	11.7	856.7	40.1
5.2	2739.5	41.6	5.2	4759.5	42.1	8.5	1477.4	41.9	7.1	1977.9	42.1	12.2	1498.6	42.6	11.1	854.8	40.8
5.9	2696.3	41.6	5.9	4727.3	41.0	9.1	1464.6	41.4	8.3	1937.0	41.5	13.4	1460.6	41.2	12.3	842.3	40.0
5.9	2708.2	41.2	5.5	4771.7	40.9	9.2	1467.9	41.3	8.0	1944.7	41.7	12.5	1459.4	41.7	11.7	844.1	40.1
5.8	2725.5	41.0	5.5	4822.3	40.7	8.3	1473.2	40.9	7.6	1967.1	41.3	12.1	1464.9	41.8	11.1	850.0	39.9
5.1	2745.4	40.3	5.2	4831.2	40.5	7.3	1497.7	40.8	6.8	1987.7	40.5	11.2	1477.8	41.3	10.2	859.9	39.4
5.0	2767.7	41.7	5.3	4836.5	40.8	7.4	1505.0	41.2	6.5	2009.9	41.4	11.5	1486.9	41.7	10.7	865.4	39.9
5.8	2784.9	42.3	5.6	4844.1	41.1	7.9	1507.6	41.6	7.1	2021.4	41.7	12.6	1484.9	41.5	11.7	860.4	40.2
5.8	2785.6	42.1	5.7	4788.3	40.2	7.4	1515.6	41.3	6.7	2010.7	41.2	12.0	1475.6	41.1	10.6	854.6	39.9
5.6	2800.0	41.6	5.5	4790.2	40.3	7.5	1517.5	41.5	6.4	2024.7	41.6	11.7	1477.2	41.4	10.4	857.6	40.4
5.6	2822.7	41.2	5.6	4863.6	40.0	7.2	1527.8	41.9	6.1	2049.2	40.8	11.4	1493.5	41.8	9.8	880.4	40.7
5.6	2836.4	42.4	5.5	4915.7	40.4	7.0	1535.7	41.8	6.0	2055.5	41.9	11.3	1504.7	42.3	9.3	883.8	40.7
5.2	2846.8	41.8	5.3	4965.9	41.3	6.9	1538.1	41.7	6.1	2061.1	42.3	11.0	1507.0	42.3	9.0	885.1	40.8
5.2	2864.4	42.4	4.9	5020.4	42.0	6.6	1541.8	41.7	5.7	2071.2	43.0	10.9	1510.3	42.8	8.4	889.6	41.3
5.9	2807.7	41.3	5.4	4948.8	40.8	7.3	1519.2	41.5	6.8	2010.8	42.5	12.1	1475.3	42.5	9.3	871.2	40.3
5.8	2819.1	41.5	5.1	5008.4	40.6	7.5	1530.0	40.9	6.6	2026.3	41.1	11.2	1482.6	42.1	8.8	875.2	39.5
5.7	2844.6	41.3	5.0	5061.4	40.5	6.6	1540.1	41.1	6.3	2052.6	41.9	10.7	1495.5	42.7	8.2	882.4	40.1
5.4	2857.6	41.3	5.0	5044.6	40.6	6.2	1548.6	41.1	5.5	2075.1	41.6	10.0	1508.0	42.7	7.3	892.2	39.9
5.5	2870.0	41.1	5.1	5049.1	40.7	6.4	1555.7	41.2	5.4	2092.1	41.4	10.5	1518.2	41.9	8.4	897.2	40.0
5.8	2890.7	41.5	5.3	5057.3	40.9	7.1	1572.5	41.6	6.1	2106.7	41.9	11.2	1521.3	42.8	9.6	897.4	40.7
5.7	2880.9	41.4	5.4	4979.4	39.8	7.0	1569.5	40.9	6.0	2097.5	41.0	10.9	1507.0	42.6	9.0	890.6	40.0
5.6	2886.0	41.3	5.5	4988.9	40.5	7.3	1552.0	41.6	5.8	2107.9	41.2	10.7	1510.8	42.3	8.8	889.8	40.4
5.6	2901.9	41.4	5.7	5086.0	40.3	7.0	1567.4	41.7	5.6	2129.6	41.3	10.2	1526.4	42.1	9.1	909.8	40.1
5.3	2901.7	41.5	5.4	5121.6	40.5	6.8	1572.0	41.6	5.3	2126.3	41.3	9.7	1530.4	42.9	8.8	911.3	40.7
5.0	2920.4	41.6	5.3	5209.2	40.8	7.0	1596.1	41.6	5.5	2143.3	41.6	9.4	1529.4	43.2	8.9	922.3	40.9
5.0	2930.1	42.1	5.0	5244.3	42.0	6.8	1581.3	41.7	5.3	2136.8	42.4	9.4	1534.3	42.4	8.5	914.7	41.5
5.5	2880.6	41.0	5.7	5166.9	40.8	7.5	1564.4	41.3	6.3	2095.6	40.8	10.6	1492.6	42.3	9.7	898.4	40.7
5.4	2895.2	40.7	5.3	5226.5	41.0	7.0	1573.2	40.9	5.6	2105.2	40.8	9.2	1501.6	41.9	8.5	901.2	39.7
5.2	2905.7	40.8	5.0	5279.3	40.7	6.3	1585.4	41.2	5.4	2130.8	41.1	8.3	1513.7	42.3	8.1	909.7	40.1
5.2	2906.1	40.8	5.5	5246.5	40.6	6.2	1593.0	41.4	5.0	2153.8	40.8	7.9	1536.1	42.0	8.0	918.0	39.7
5.1	2927.9	40.5	5.6	5256.2	40.5	6.1	1603.3	41.2	4.6	2171.5	40.8	7.7	1547.9	42.7	8.2	924.0	39.7
6.0	2947.9	41.2	6.1	5267.4	40.8	7.4	1602.8	41.2	5.6	2185.0	41.5	8.9	1554.8	42.5	9.2	926.0	40.2
5.6	2939.3	41.0	6.0	5171.3	40.1	7.0	1597.7	40.6	5.3	2163.2	40.7	8.0	1533.3	42.1	7.8	915.2	39.1
5.3	2953.3	41.3	5.9	5190.4	40.6	7.0	1608.2	41.2	5.2	2187.6	41.1	7.2	1538.5	42.8	7.6	912.8	40.1
5.3	2972.7	41.5	6.1	5272.6	41.0	6.5	1617.0	41.5	5.0	2212.0	41.5	6.6	1552.7	43.3	7.6	930.3	40.3
5.2	2974.5	41.3	5.9	5286.6	41.0	6.2	1619.3	41.4	4.8	2200.2	40.9	6.0	1557.4	43.4	7.3	930.4	39.9
5.0	2985.7	41.2	5.8	5352.5	41.6	6.3	1625.5	41.1	5.1	2201.2	40.0	5.8	1564.0	42.7	7.4	933.3	39.7
4.7	3004.2	42.1	5.5	5414.2	42.2	5.9	1625.1	41.5	4.8	2200.5	39.8	5.3	1568.9	43.6	7.1	932.4	40.7
5.3	2938.9	41.1	6.1	5323.7	41.2	6.5	1606.0	41.1	5.8	2144.0	38.9	6.4	1541.4	43.3	8.4	916.5	39.4
5.2	2951.1	40.3	5.8	5382.0	41.1	6.9	1608.0	40.8	5.6	2154.3	37.7	5.3	1552.2	42.2	8.0	919.7	39.6
4.9	2980.0	40.3	5.5	5437.0	40.9	6.1	1615.3	40.7	5.3	2175.4	38.1	5.0	1565.8	42.4	7.2	928.6	39.2
4.8	2979.7	39.7	5.9	5407.7	39.8	5.9	1635.3	40.3	5.2	2192.2	37.2	4.8	1579.2	41.9	7.4	935.8	38.1
4.8	3000.0	40.8	5.9	5419.4	40.7	5.8	1646.0	40.9	4.9	2209.7	38.4	4.9	1598.1	43.0	7.3	943.3	39.9
5.5	3024.6	41.3	6.4	5411.3	40.9	6.5	1647.8	41.3	5.6	2215.7	38.9	6.5	1598.4	43.1	8.2	941.9	39.9
5.5	2999.0	41.3	6.4	5293.1	39.9	6.4	1638.9	40.7	5.5	2184.4	39.0	6.3	1587.0	42.3	7.6	931.4	39.0
5.3	3010.7	41.2	6.7	5300.5	40.4	6.7	1632.8	41.4	5.6	2206.4	38.9	6.4	1592.3	42.5	7.7	930.8	39.8
5.4	3012.8	41.2	6.8	5351.9	40.5	6.5	1646.8	41.4	5.5	2219.5	39.1	6.3	1603.7	43.6	7.2	948.1	39.9
5.1	2994.8	40.5	6.4	5362.5	40.2	6.2	1648.7	41.2	5.4	2207.1	38.9	6.0	1609.9	43.2	7.3	948.2	39.1
5.2	3004.6	40.9	6.7	5403.0	41.3	6.3	1652.7	40.9	5.7	2207.1	38.8	6.1	1612.6	43.6	7.8	948.5	39.1
5.2	3005.2	41.8	6.5	5424.9	41.7	6.2	1651.0	41.3	5.7	2202.7	39.5	6.3	1611.4	43.3	8.1	945.5	39.5
5.7	2918.3	40.7	7.1	5290.8	40.4	7.1	1616.8	40.7	6.9	2133.0	39.1	7.6	1576.2	42.8	9.5	924.1	38.7
5.8	2908.7	39.4	7.2	5312.2	40.3	7.8	1616.9	40.0	6.9	2138.2	38.6	6.8	1584.1	41.0	9.8	921.7	38.4
5.5	2924.8	40.5	7.0	5344.6	40.3	7.1	1628.6	40.2	6.8	2155.0	39.2	6.5	1595.0	42.1	9.7	926.2	38.4
4.8	2923.7	40.4	6.9	5305.9	40.1	6.4	1636.4	40.1	6.1	2165.7	39.0	6.1	1607.4	41.9	8.8	932.7	38.9
5.0	2943.8	40.6	7.4	5307.3	40.3	6.4	1644.9	40.3	6.0	2185.9	39.1	6.6	1622.2	42.2	9.8	935.5	38.9
5.6	2961.4	41.5	7.9	5283.5	40.6	7.4	1644.0	41.0	7.0	2190.1	39.8	8.0	1622.8	42.6	10.7	938.7	40.3
5.1	2928.6	40.8	7.8	5182.0	39.9	7.1	1641.0	40.0	6.8	2168.8	39.0	7.5	1606.5	42.1	9.4	927.4	39.4
4.8	2937.8	41.5	7.9	5196.0	40.5	7.1	1638.5	41.3	6.7	2194.0	40.2	7.2	1605.0	42.9	8.9	934.5	40.0
4.7	2944.0	41.2	8.0	5249.3	40.9	6.6	1652.5	41.4	6.5	2217.1	40.1	6.8	1621.1	43.1	8.0	950.9	40.6
4.5	2939.3	41.4	7.9	5260.7	40.9	6.4	1660.0	41.1	6.3	2215.8	40.2	6.5	1630.3	44.0	7.5	952.5	40.2
4.3	2953.7	41.3	7.8	5321.5	41.6	6.5	1662.4	41.5	6.5	2220.9	40.4	6.4	1630.1	44.0	7.2	953.5	40.6
4.4	2966.6	42.1	8.0	5346.7	42.2	6.6	1662.4	41.6	6.3	2218.7	40.7	6.6	1628.8	44.0	7.5	952.7	41.1
5.3	2906.4	41.1	9.0	5266.2	41.0	7.4	1637.9	40.9	7.5	2166.5	39.9	8.1	1591.2	43.0	9.0	936.6	39.6
7.5	2912.4	41.0	8.6	5301.7	40.9	7.8	1643.8	40.8	7.3	2176.1	40.0	7.7	1597.6	42.4	8.8	940.1	39.7
7.1	2940.4	41.1	8.3	5379.8	40.8	7.0	1654.1	41.0	6.9	2216.0	39.9	7.3	1606.5	42.8	8.3	945.9	39.9
6.5	2957.2	40.5	8.1	5346.0	40.3	6.3	1665.3	40.7	6.2	2223.0	39.6	7.0	1620.2	42.2	7.7	954.9	39.5
6.5	2979.5	41.2	8.3	5352.3	40.7	6.5	1676.5	41.2	6.0	2242.0	40.4	7.3	1631.4	42.4	8.8	960.7	40.4
7.4	2995.0	41.9	9.0	5342.4	40.9	7.7	1674.4	41.4	7.1	2249.5	40.7	9.2	1635.8	42.3	10.3	961.1	40.6
7.1	2991.2	41.3	9.0	5256.0	40.2	7.3	1671.7	40.8	6.8	2235.1	40.0	9.0	1622.0	41.8	9.0	951.9	39.8
6.9	2999.8	41.3	9.0	5246.6	40.4	7.1	1677.7	41.3	6.5	2251.8	40.5	8.5	1618.6	42.4	8.9	962.9	40.6
6.6	3013.3	41.6	9.0	5334.9	40.5	6.5	1681.4	41.4	6.2	2277.0	39.9	8.2	1632.2	42.3	7.9	970.8	40.4
6.6	3035.4	41.7	7.4	5387.5	40.8	6.2	1700.0	41.5	5.9	2294.4	40.9	7.3	1644.4	42.8	7.5	977.1	40.7
6.4	3048.8	41.9	7.4	5451.3	41.7	6.4	1702.8	41.9	6.2	2300.1	40.9	7.1	1647.0	43.0	6.9	979.2	41.0
6.2	3066.7	42.3	7.0	5505.7	42.3	6.4	1706.7	42.1	6.1	2309.0	41.3	7.4	1650.3	43.8	6.9	981.6	41.7
6.8	3003.1	41.4	7.8	5423.6	41.1	7.2	1676.6	41.0	7.2	2249.4	40.7	8.5	1613.2	42.2	7.8	966.0	40.4
6.6	3024.0	41.4	7.4	5496.8	41.4	7.2	1688.9	40.8	6.8	2266.4	40.7	7.3	1625.1	42.6	7.5	973.3	40.3
6.3	3042.1	39.7	7.1	5546.9	40.9	6.8	1696.0	38.7	6.7	2281.6	40.3	7.1	1634.4	42.0	7.4	980.4	40.0
5.7	3073.2	41.2	7.0	5576.0	40.5	6.4	1714.8	41.0	6.0	2312.1	40.6	6.7	1646.6	42.2	7.1	992.7	40.1
5.6	3088.7	41.6	7.0	5569.4	41.0	6.4	1718.8	41.1	5.7	2327.2	40.8	6.9	1656.5	42.0	7.6	1000.7	40.4
6.4	3108.5	41.9	7.6	5569.8	40.8	7.5	1720.8	41.3	6.5	2335.0	41.0	8.4	1659.6	42.7	8.4	1002.5	41.1
6.3	3112.4	41.7	7.6	5481.8	40.6	7.3	1714.8	40.7	6.2	2322.2	40.7	7.9	1648.4	41.6	7.0	990.1	40.7
5.9	3124.2	42.1	7.4	5480.9	40.9	6.9	1713.0	41.4	5.8	2338.1	40.9	7.6	1648.7	42.4	7.0	1004.6	40.9
5.7	3141.1	42.0	7.3	5565.3	41.0	6.3	1725.0	41.7	5.4	2365.3	40.5	7.2	1670.8	42.3	6.3	1017.5	41.3
5.7	3176.5	42.5	7.1	5614.4	41.2	6.1	1740.0	41.9	5.3	2372.8	40.7	7.3	1684.4	43.4	6.2	1027.5	41.5
5.2	3196.3	42.4	6.8	5667.8	41.9	5.9	1744.9	42.1	5.2	2379.8	41.0	7.3	1690.1	43.2	5.5	1032.6	42.0
5.2	3220.5	42.5	6.5	5732.3	42.9	5.5	1747.5	42.2	4.9	2392.0	41.2	7.1	1699.9	43.4	5.8	1038.3	42.6
6.1	3153.3	41.9	7.4	5646.7	41.5	6.5	1711.7	41.2	6.2	2325.0	40.8	8.8	1665.0	42.2	7.6	1021.6	41.6
5.8	3174.3	41.8	6.9	5713.9	41.2	6.4	1720.1	40.8	5.8	2346.9	40.2	7.7	1679.2	42.2	7.4	1026.6	39.1
5.6	3203.6	41.8	6.8	5777.2	41.3	5.5	1734.3	41.5	5.5	2379.6	40.9	7.5	1699.9	43.2	7.0	1038.0	41.8
5.0	3228.7	42.3	6.6	5788.0	41.4	4.9	1747.9	42.1	4.9	2401.0	40.9	7.2	1704.6	43.6	6.6	1046.3	42.0
4.8	3247.3	42.4	6.4	5790.8	41.2	4.7	1752.6	41.6	4.4	2426.9	40.9	7.2	1714.2	43.5	6.9	1055.8	41.6
5.4	3272.7	42.7	6.8	5795.5	41.3	5.8	1762.7	42.2	5.4	2431.3	41.2	8.6	1721.7	43.6	7.9	1064.5	42.1
5.5	3257.9	42.3	6.9	5697.5	40.9	5.7	1752.0	41.5	5.3	2409.4	40.6	8.3	1716.9	42.8	7.0	1055.4	41.4
5.0	3282.2	42.6	6.8	5702.7	41.1	5.8	1756.8	41.8	5.2	2431.4	40.8	7.9	1721.8	43.0	6.7	1067.2	41.7
4.8	3305.4	42.6	6.6	5817.1	41.3	5.1	1779.1	42.3	4.8	2467.7	40.9	7.2	1745.4	44.1	5.6	1075.5	42.1
4.6	3324.4	42.5	6.2	5825.3	41.1	5.0	1781.0	42.6	4.6	2462.5	41.2	7.1	1748.4	43.8	6.0	1066.9	42.0
4.3	3359.8	42.7	5.9	5936.3	41.8	4.7	1806.1	42.3	4.6	2500.1	41.3	6.7	1757.4	44.5	5.6	1073.0	42.2
4.0	3382.1	43.2	5.3	5969.1	42.3	4.5	1797.5	42.8	4.5	2494.0	41.5	6.3	1764.7	44.9	5.5	1075.9	42.9
4.6	3309.1	42.7	6.1	5871.1	41.6	5.6	1769.5	42.1	5.8	2425.0	40.9	7.6	1725.2	43.4	7.0	1057.9	41.6
4.6	3327.0	42.3	5.3	5945.1	41.3	5.5	1776.7	42.0	5.3	2441.6	40.8	6.6	1737.5	42.9	5.9	1063.6	41.2
4.6	3360.3	42.2	5.2	6008.7	41.7	4.9	1789.5	41.9	5.3	2473.3	40.7	6.5	1750.9	43.2	5.9	1066.5	41.1
4.6	3370.7	41.0	5.5	5975.4	40.3	4.9	1800.3	41.2	5.2	2479.1	39.5	6.5	1756.8	42.0	6.1	1072.5	39.7
4.6	3393.7	42.3	5.5	5990.1	40.9	4.9	1806.0	40.9	4.8	2499.5	40.4	6.4	1772.1	42.0	6.9	1078.7	40.2
5.3	3425.6	42.3	6.0	5992.1	41.3	5.9	1813.8	41.6	5.7	2503.5	40.3	7.7	1780.4	42.8	7.9	1079.3	40.8
5.4	3382.5	41.9	6.1	5866.8	40.8	5.9	1796.2	41.2	5.6	2476.5	39.7	7.4	1768.2	42.6	7.1	1058.2	40.6
5.1	3414.9	42.3	6.0	5882.1	41.7	5.9	1799.2	41.1	5.5	2506.8	40.1	6.8	1771.8	43.4	7.4	1079.7	41.0
5.0	3436.5	42.5	6.0	5998.9	41.6	5.3	1813.5	41.7	5.3	2541.7	40.5	6.5	1795.9	43.5	6.7	1087.9	41.6
4.7	3442.7	42.3	5.7	6015.6	41.5	4.9	1818.1	42.1	5.0	2534.5	40.5	6.2	1789.9	43.7	6.1	1082.0	41.1
4.5	3470.1	42.5	5.5	6103.5	41.8	4.7	1829.1	41.9	5.1	2547.9	40.7	6.1	1795.3	44.4	5.6	1082.7	41.3
4.3	3495.0	42.9	5.2	6171.5	42.0	4.3	1832.0	42.0	4.9	2557.4	41.3	6.0	1798.1	44.7	5.9	1085.4	41.8
4.8	3416.9	40.6	5.6	6045.0	41.0	5.0	1793.8	40.3	6.0	2465.5	38.4	7.5	1762.0	43.2	7.5	1065.9	40.9
4.5	3448.4	41.7	5.2	6121.1	41.0	5.0	1800.4	41.3	5.7	2482.2	40.5	6.3	1774.3	44.3	6.7	1069.3	40.8
4.6	3482.2	42.0	5.2	6211.0	41.0	4.5	1814.3	41.2	5.5	2536.2	40.1	6.2	1787.5	44.0	6.4	1078.5	41.1
4.2	3495.3	41.6	5.1	6150.2	40.9	4.1	1822.7	41.2	5.1	2516.9	40.0	5.9	1798.7	43.7	6.1	1088.0	40.8
4.4	3529.4	42.2	5.3	6169.7	41.2	4.1	1830.3	41.1	4.8	2538.7	40.2	6.1	1814.1	44.5	6.8	1095.3	40.8
4.8	3559.4	42.8	5.4	6159.7	41.4	4.8	1827.7	41.9	5.4	2535.5	41.1	7.3	1818.7	44.1	7.0	1096.8	41.5
5.0	3582.4	42.1	5.8	6052.5	40.8	4.9	1822.0	41.6	5.5	2512.2	40.4	7.1	1801.3	43.2	6.6	1078.4	41.1
4.6	3540.6	42.6	5.4	6080.7	41.5	4.5	1827.6	41.9	5.1	2535.7	41.2	6.4	1806.7	44.2	6.0	1095.3	41.4
4.6	3541.4	43.0	5.5	6189.4	41.5	4.3	1838.0	42.1	5.1	2562.7	41.4	6.1	1827.1	44.8	5.4	1101.9	41.8
4.5	3552.4	42.2	5.2	6219.3	41.7	4.4	1848.1	42.3	5.2	2559.4	40.8	6.0	1825.8	44.1	6.0	1094.6	41.3
4.5	3578.3	42.7	5.1	6301.2	42.5	4.4	1859.4	42.4	5.5	2576.0	40.9	5.5	1835.1	44.9	5.5	1099.6	41.6
4.5	3601.0	44.5	4.8	6368.0	43.2	3.9	1859.3	42.5	5.2	2579.1	41.9	5.6	1838.6	45.6	5.4	1102.8	42.7
5.1	3517.7	42.4	5.5	6275.9	41.7	4.8	1830.0	41.4	6.3	2505.3	40.2	6.6	1797.6	44.1	6.9	1079.9	41.7
4.9	3539.5	41.9	5.1	6330.9	41.5	5.0	1836.0	41.7	5.9	2526.5	40.8	5.6	1809.0	42.4	6.3	1085.9	41.3
4.7	3572.7	42.3	5.0	6389.6	41.7	4.4	1853.8	41.9	5.9	2555.6	41.0	5.7	1825.1	44.3	6.2	1095.4	41.1
4.2	3579.5	42.4	4.8	6388.8	41.2	3.9	1863.2	41.3	5.1	2577.0	41.0	5.1	1837.2	43.7	5.2	1102.8	41.1
4.3	3606.4	42.3	4.8	6404.9	41.7	3.9	1871.2	41.8	4.8	2588.9	40.9	5.6	1846.1	44.1	5.9	1111.6	40.9
4.9	3624.0	42.3	5.3	6398.2	41.9	5.1	1868.7	41.4	5.8	2595.2	41.3	7.1	1853.5	43.8	7.0	1105.9	40.9
4.7	3596.0	42.0	5.2	6299.8	41.2	5.1	1861.8	41.2	5.6	2567.0	40.3	6.4	1845.1	43.7	6.4	1094.6	40.5
4.5	3618.9	42.2	5.3	6322.8	41.6	5.0	1861.9	41.6	5.5	2588.0	41.4	6.0	1845.4	44.5	6.6	1112.2	41.1
4.4	3646.8	42.5	5.2	6439.0	41.9	4.6	1875.4	42.3	5.2	2611.3	41.5	5.6	1868.2	44.5	6.2	1117.8	42.1
4.0	3662.2	42.2	4.6	6463.9	41.9	4.2	1885.5	42.1	4.8	2620.5	41.3	5.2	1873.4	44.5	6.0	1122.5	41.9
3.9	3686.8	42.5	4.5	6525.7	42.2	3.8	1891.8	42.7	4.6	2631.3	41.8	5.0	1881.8	44.5	4.9	1125.5	42.1
4.0	3721.9	43.6	4.4	6601.1	42.9	3.5	1895.4	42.9	4.5	2641.4	42.5	4.8	1890.8	45.0	4.9	1131.3	43.0
4.5	3639.0	42.0	4.9	6518.9	42.0	3.9	1860.9	42.3	5.3	2563.6	41.1	5.7	1843.4	43.9	6.3	1109.5	41.2
4.4	3660.6	41.6	4.6	6578.4	41.6	3.9	1869.7	41.8	4.9	2579.8	40.8	4.6	1858.5	44.0	5.4	1115.4	41.3
4.4	3694.0	41.8	4.6	6628.6	41.6	3.7	1884.1	41.8	5.1	2605.8	41.1	4.9	1870.9	44.6	5.9	1119.6	41.3
3.7	3698.2	41.0	4.2	6598.5	40.9	3.0	1903.5	41.5	4.2	2623.8	39.7	4.7	1890.7	43.1	4.7	1132.0	40.3
3.9	3730.5	42.2	4.3	6608.7	41.8	3.3	1908.7	42.2	4.0	2645.1	40.6	5.0	1901.6	44.2	5.5	1137.8	41.4
4.6	3757.6	42.2	4.8	6618.5	41.8	4.3	1913.6	42.5	4.8	2651.2	40.9	6.6	1903.4	44.2	6.1	1135.8	41.5
4.7	3730.3	41.9	4.9	6518.6	41.4	4.3	1889.2	41.9	4.7	2628.6	39.8	6.6	1886.8	44.3	5.8	1126.0	41.0
4.3	3759.1	41.5	4.8	6521.5	41.7	4.4	1894.4	42.3	4.5	2646.2	40.7	6.0	1886.1	44.1	5.7	1139.3	41.6
4.1	3777.4	41.3	4.7	6630.7	41.0	4.1	1907.7	42.4	4.3	2665.7	38.5	5.7	1903.1	43.2	5.3	1143.3	40.9
4.0	3790.5	41.8	4.4	6691.5	41.9	4.2	1910.3	42.1	4.2	2672.6	40.4	5.0	1896.0	44.3	5.3	1146.2	42.0
3.8	3815.3	41.8	4.1	6758.8	42.1	3.9	1915.5	42.9	4.1	2684.1	40.8	4.7	1899.9	43.9	4.5	1147.3	41.7
3.5	3837.2	42.8	3.6	6832.6	43.0	3.6	1919.8	42.9	4.0	2694.1	41.2	4.5	1907.0	44.7	4.8	1151.8	42.5
4.0	3731.7	41.6	4.3	6693.1	42.2	4.2	1883.8	42.2	4.9	2603.3	40.7	5.4	1866.2	43.9	6.0	1127.4	41.5
4.2	3763.3	40.8	4.2	6772.6	42.1	4.5	1895.4	41.7	4.7	2627.0	40.2	4.6	1879.0	43.3	5.0	1132.3	41.1
3.9	3791.1	41.4	3.9	6825.6	42.2	4.1	1910.8	42.1	4.4	2654.4	40.4	4.2	1888.2	43.3	5.2	1143.5	41.2
3.6	3829.8	41.6	4.0	6809.1	41.7	3.8	1919.3	41.7	4.0	2673.6	40.4	4.1	1889.3	43.4	4.4	1155.4	41.3
3.5	3856.2	42.4	3.8	6816.0	41.5	3.8	1922.8	41.8	3.5	2684.6	40.5	4.0	1891.3	43.4	5.2	1159.5	40.8
4.0	3881.2	42.3	4.1	6829.7	42.3	4.6	1924.9	42.1	4.2	2691.3	40.8	5.6	1898.1	43.4	5.7	1161.3	41.1
4.2	3848.2	41.8	4.3	6695.9	41.4	4.7	1917.5	41.9	4.3	2681.2	40.2	5.4	1883.3	42.9	5.5	1149.3	41.0
4.0	3872.6	41.0	4.4	6706.6	42.0	4.9	1916.1	42.0	4.2	2698.0	40.8	5.1	1884.5	43.0	5.5	1161.5	41.1
3.8	3891.4	41.5	4.2	6806.3	39.3	4.5	1931.7	42.3	3.9	2715.4	40.6	5.0	1903.8	42.3	5.3	1165.9	41.3
3.5	3904.6	41.9	3.9	6863.2	41.5	4.2	1930.8	41.9	3.7	2721.5	40.6	4.8	1907.4	42.9	5.5	1158.1	41.4
3.4	3929.3	42.6	3.8	6945.6	42.4	4.1	1937.1	42.3	3.8	2731.9	40.9	4.3	1916.4	43.5	4.7	1160.6	41.7
3.3	3955.2	43.5	3.4	7028.6	42.9	3.9	1943.6	42.7	3.7	2741.6	41.6	4.0	1920.5	43.8	5.2	1163.5	42.2
3.7	3851.6	42.1	3.8	6919.5	42.1	4.4	1903.3	42.1	4.5	2665.1	40.8	5.3	1887.8	43.3	6.5	1144.1	41.3
3.6	3880.3	41.6	3.7	6981.9	42.3	4.4	1910.4	41.7	4.2	2683.9	40.5	4.6	1901.7	43.3	6.0	1145.0	41.5
3.6	3922.3	41.3	3.7	7061.4	42.0	3.8	1929.1	41.9	4.2	2727.5	40.8	4.5	1916.5	42.5	6.0	1153.8	41.1
3.1	3925.6	41.8	3.5	7045.6	41.9	3.3	1931.3	42.4	3.5	2725.7	40.7	3.9	1922.1	42.7	5.1	1158.3	40.8
3.4	3958.4	40.9	3.7	7079.3	42.1	3.5	1945.0	41.9	3.5	2740.8	40.4	4.5	1938.3	42.3	6.2	1166.7	40.2
3.9	3971.6	41.3	4.2	7029.7	42.3	4.3	1941.0	42.0	4.3	2745.2	40.6	6.0	1929.5	42.3	6.7	1164.0	40.9
3.8	3944.4	41.1	4.1	6963.8	41.4	4.4	1922.4	41.5	4.2	2719.4	39.8	5.6	1904.4	42.7	6.0	1147.2	40.5
3.8	3970.6	41.2	4.2	7069.9	41.5	4.7	1928.7	41.9	4.3	2737.3	39.6	5.5	1907.6	43.3	5.7	1157.0	40.4
3.5	3978.7	41.1	4.0	7104.9	41.4	4.1	1941.2	42.1	3.9	2748.5	39.8	5.0	1922.4	43.0	4.9	1155.3	40.6
3.2	3982.0	41.4	3.7	7118.3	41.6	4.1	1936.3	41.9	3.8	2745.9	40.0	4.9	1921.7	42.7	5.2	1149.8	40.6
3.0	3994.0	41.4	3.6	7197.1	41.8	4.0	1941.9	41.7	4.0	2753.1	39.8	4.9	1925.8	42.5	4.9	1150.7	40.3
3.1	4012.1	41.9	3.4	7262.5	42.5	3.8	1943.7	41.7	3.8	2754.7	40.1	4.7	1935.0	42.8	4.4	1150.7	40.6
3.7	3931.3	40.9	4.1	7096.7	41.9	4.6	1894.4	41.2	4.7	2673.4	39.1	6.0	1897.3	42.1	5.5	1128.8	39.9
3.6	3945.2	40.0	3.8	7167.7	41.7	4.5	1903.9	40.8	4.3	2683.1	39.0	5.0	1908.9	42.1	4.9	1128.8	39.3
3.7	3971.8	40.3	3.9	7229.5	42.1	4.2	1914.8	41.2	4.4	2701.2	39.5	4.8	1923.1	42.0	5.4	1131.1	39.6
3.5	3951.7	38.9	4.1	7194.7	41.2	3.8	1919.6	40.4	4.0	2705.5	38.0	4.5	1924.4	41.0	4.5	1136.3	38.2
3.4	3958.3	40.1	3.9	7198.5	41.6	3.6	1921.2	40.7	3.8	2708.1	39.1	4.6	1930.8	42.5	5.0	1138.2	39.1
4.2	3962.4	40.6	4.5	7135.1	42.1	4.8	1918.6	40.8	4.9	2703.2	39.7	6.1	1930.7	42.5	5.8	1135.1	39.4
4.2	3915.3	40.4	4.5	7046.0	41.2	4.8	1897.5	41.1	4.8	2666.2	38.7	5.7	1900.6	42.1	5.4	1120.8	39.6
4.3	3947.1	41.3	4.9	7147.1	41.2	5.3	1905.2	41.0	5.0	2684.1	39.5	5.5	1906.5	42.5	5.9	1131.7	39.7
4.3	3939.0	41.2	4.8	7147.8	41.6	4.8	1910.2	41.1	4.7	2691.2	39.6	5.4	1918.5	42.7	5.6	1130.9	40.2
4.2	3929.7	40.7	5.9	7138.8	42.1	5.2	1903.5	40.6	5.1	2676.8	38.9	5.5	1911.7	42.2	6.2	1124.9	39.5
4.3	3933.0	40.8	5.9	7187.0	42.0	5.4	1908.1	40.7	5.4	2683.3	39.4	5.7	1915.8	42.7	6.2	1126.6	39.6
4.4	3934.7	41.2	5.8	7228.0	42.4	5.3	1907.9	41.3	5.4	2683.0	40.1	5.7	1916.1	42.6	6.6	1126.1	41.6
4.9	3816.3	41.0	6.1	7089.1	41.9	5.8	1859.7	40.7	6.5	2611.9	39.8	6.6	1872.2	42.2	7.8	1111.0	41.1
4.9	3833.3	40.0	5.8	7144.9	41.2	5.7	1868.4	40.6	6.0	2622.8	39.7	5.6	1880.1	40.7	6.9	1113.8	41.1
4.9	3860.3	41.1	5.7	7206.4	42.5	5.4	1882.6	40.9	5.9	2643.7	40.1	5.4	1890.9	43.9	7.0	1120.3	41.3
4.6	3870.6	40.6	5.7	7186.4	42.2	4.8	1888.3	41.8	5.2	2660.0	39.6	5.2	1903.1	43.2	6.5	1127.8	40.8
4.7	3885.1	40.8	5.5	7198.3	41.9	4.7	1891.6	42.1	4.7	2670.2	39.5	5.5	1907.1	43.7	6.7	1131.7	41.0
5.3	3895.3	41.3	6.0	7116.4	41.7	5.7	1886.1	41.5	5.6	2672.0	40.1	6.9	1907.5	45.1	7.4	1133.2	41.2
5.1	3841.1	39.9	5.9	7037.0	41.3	5.7	1872.4	41.5	5.4	2657.2	39.9	6.2	1883.9	44.4	6.8	1119.6	40.1
5.0	3875.6	41.0	6.0	7143.5	42.0	5.7	1879.8	41.8	5.1	2674.7	40.5	6.2	1888.2	44.6	6.4	1128.3	40.5
4.7	3874.5	41.4	5.6	7154.3	42.1	5.2	1888.3	42.0	4.7	2684.2	40.7	5.7	1899.8	45.3	5.9	1130.6	40.7
4.7	3881.8	41.2	5.4	7184.2	41.4	5.2	1889.9	41.1	4.7	2684.6	40.3	5.6	1897.6	43.7	6.5	1122.1	39.3
4.6	3896.8	41.1	5.5	7253.2	43.5	5.2	1897.0	41.2	5.0	2693.5	40.1	5.8	1908.7	44.9	6.3	1121.5	39.2
4.7	3903.3	41.4	5.3	7310.5	43.2	5.1	1894.8	41.7	5.0	2698.1	40.7	5.8	1908.4	44.5	6.4	1123.2	41.5
5.1	3797.4	39.9	5.6	7176.8	42.3	5.6	1857.0	41.7	6.0	2619.8	39.4	6.5	1882.8	43.0	7.3	1107.2	40.3
4.9	3809.7	40.2	5.3	7232.3	41.8	5.6	1864.0	41.6	5.8	2627.9	39.4	5.9	1893.1	42.8	6.5	1108.7	40.2
4.8	3832.0	40.3	5.2	7287.6	41.6	5.1	1875.0	41.3	5.7	2646.0	39.2	6.1	1899.4	42.3	6.5	1112.1	39.6
4.6	3836.4	39.8	5.1	7262.3	41.3	4.8	1879.1	41.4	5.3	2662.8	39.3	5.7	1906.4	43.7	6.2	1116.4	38.2
4.7	3847.1	40.1	5.2	7266.8	40.0	4.9	1882.2	41.6	5.2	2671.8	39.4	6.1	1913.2	44.7	6.7	1116.6	38.5
5.5	3842.0	40.6	5.9	7184.5	40.5	6.1	1875.8	41.1	6.3	2668.1	39.9	7.8	1911.5	44.5	7.9	1110.8	39.5
5.2	3819.9	39.9	5.6	7116.9	39.7	5.8	1862.1	40.4	6.0	2637.3	39	7.2	1890.8	43.6	7.1	1104.4	39.2
4.8	3858.1	38.9	5.6	7217.7	40.7	5.9	1869.3	40.8	5.8	2661.8	40.4	6.7	1895.0	44.2	6.3	1111.7	40.2
4.7	3865.3	39.3	5.4	7238.0	41.5	5.4	1877.1	40.9	5.6	2675.7	40.3	6.0	1908.7	45.4	5.7	1119.4	40.5
4.5	3861.1	38.9	5.0	7283.2	40.5	5.5	1883.7	40.3	5.6	2683.5	39.9	5.5	1916.9	45.2	6.0	1123.1	40.5
4.2	3878.0	39.6	5.0	7331.2	41.2	5.5	1889.6	40.5	5.8	2694.7	40.4	5.4	1923.4	45.0	5.3	1124.7	40.6
4.1	3892.1	39.8	4.5	7403.3	40.8	5.2	1891.8	40.6	5.2	2702.4	40.8	5.3	1925.2	44.5	5.3	1123.2	41.1
4.6	3816.2	39.1	4.9	7332.7	41.1	5.7	1862.6	40.9	6.0	2637.4	40.4	6.4	1891.4	43.3	6.2	1108.3	40.6
4.3	3836.1	39.2	4.6	7404.7	42.0	5.5	1872.4	40.0	5.6	2668.4	40.6	5.3	1902.7	44.0	5.5	1113.3	39.8
4.4	3864.9	38.4	4.7	7470.8	41.4	5.4	1886.5	40.4	5.8	2678.9	40.6	5.4	1919.7	44.2	5.4	1120.9	40.3
4.2	3888.9	38.4	4.4	7507.1	41.2	4.6	1899.3	41.1	4.9	2700.4	39.7	5.0	1924.7	44.2	5.2	1129.8	39.9
4.4	3898.9	39.2	4.5	7511.6	42.4	4.7	1903.8	41.9	4.8	2706.7	40.7	5.4	1923.0	43.8	6.1	1129.4	39.9
5.2	3892.0	40.0	5.0	7444.1	41.5	5.5	1908.8	41.3	5.6	2710.6	40.5	6.6	1924.5	43.6	7.1	1125.6	39.4
5.1	3883.7	39.7	5.0	7405.6	41.4	5.4	1900.9	41.0	5.5	2693.6	39	6.0	1905.9	42.7	7.0	1114.7	39.5
4.9	3920.8	38.9	4.8	7493.2	39.4	5.3	1903.9	41.0	5.5	2716.3	40.1	5.4	1908.5	43.2	6.7	1124.1	40.6
4.8	3907.9	38.6	4.7	7471.0	39.2	4.9	1908.4	38.7	5.3	2725.5	39.4	5.3	1913.3	41.4	6.5	1132.1	40.1
4.9	3943.5	39.1	4.6	7555.0	41.1	4.7	1915.6	41.2	5.4	2732.6	39.3	5.2	1922.0	45.3	6.9	1130.3	39.7
4.9	3961.9	39.8	4.4	7657.0	41.0	4.5	1926.2	40.7	5.5	2746.2	39.1	5.2	1935.8	45.5	6.6	1132.9	40.3
5.0	3967.3	39.5	4.2	7736.5	41.3	4.3	1932.4	41.9	5.5	2756.2	40.2	5.1	1939.0	46.2	6.8	1133.1	41.5
5.3	3908.8	39.3	4.3	7621.9	41.6	4.7	1899.8	42.1	6.3	2671.3	39.3	6.0	1904.9	43.4	7.6	1118.4	40.7
5.5	3929.5	38.5	4.2	7704.9	42.7	4.7	1910.5	41.5	6.2	2696.1	39.3	5.2	1913.9	41.6	7.2	1126.1	40.4
5.1	3937.0	38.9	3.9	7751.6	41.7	3.9	1925.1	40.9	6.0	2718.4	39	4.9	1930.8	42.9	7.0	1134.2	40.6
5.0	3993.3	38.7	3.8	7794.2	41.8	3.2	1943.1	40.4	5.4	2739.5	38.6	4.4	1948.5	42.5	6.6	1139.0	40.1
5.1	4011.1	38.9	3.7	7812.4	42.0	3.3	1948.2	40.9	5.3	2746.5	39.2	4.8	1951.8	42.2	7.3	1138.7	39.3
5.6	3996.2	39.2	4.0	7718.4	41.6	4.3	1951.4	41.2	5.9	2743.7	39.1	6.0	1953.3	42.8	8.0	1133.6	39.2
5.5	3982.7	39.0	4.0	7698.1	40.9	4.1	1939.6	39.6	5.6	2731.8	38.2	5.5	1937.6	42.0	7.4	1123.4	39.1
5.2	4032.3	39.5	3.9	7815.0	41.0	4.0	1947.9	41.4	5.4	2753.6	39.1	5.2	1941.1	43.0	7.1	1134.3	40.5
5.4	4031.3	38.6	3.8	7860.0	41.5	3.7	1958.2	40.6	5.0	2776.3	39.8	11.0	1823.8	38.9	9.6	1120.1	40.3
5.1	4044.6	39.3	3.6	7866.8	41.6	3.6	1961.9	39.1	5.2	2767.1	39.5	10.6	1776.0	40.6	8.9	1125.0	39.2
5.0	4071.8	39.1	3.6	7941.2	42.0	3.3	1974.2	40.7	5.4	2784.7	39.1	10.9	1801.9	41.6	8.7	1137.7	40.0
4.7	4076.0	39.3	3.2	8014.6	41.7	3.3	1979.2	41.6	5.2	2788.3	39.9	5.8	1817.6	42.2	7.9	1132.0	41.2
4.8	4016.0	39.6	3.3	7882.6	41.1	3.8	1944.9	40.4	5.7	2727.1	39.3	5.1	1789.8	42.5	7.9	1116.2	40.1
4.9	4037.5	39.4	3.2	7957.3	41.3	3.8	1956.1	40.8	5.7	2734.8	39.3	4.0	1813.1	40.8	7.4	1126.0	39.5
4.5	4056.5	40.9	3.1	8037.8	41.3	3.3	1974.5	40.6	5.6	2765.3	39.2	3.8	1839.8	42.5	6.4	1137.1	39.7
4.4	4082.6	39.0	3.1	8018.1	40.6	2.9	1978.5	40.1	5.1	2781.4	38.9	3.3	1841.5	41.5	6.2	1141.0	37.6
4.6	4098.5	39.1	3.1	8035.9	41.6	3.0	1984.2	41.4	5.0	2791.6	39.6	3.6	1854.3	43.5	6.6	1144.8	39.2
5.0	4091.0	39.0	3.6	7951.3	41.4	4.0	1994.6	42.6	5.7	2791.4	39.8	4.7	1859.4	43.9	7.4	1143.9	39.3
5.1	4057.9	39.1	3.8	7878.1	40.5	4.1	1972.0	41.4	5.6	2769.8	37.8	3.8	1835.0	43.5	7.7	1125.2	39.2
4.8	4099.9	39.1	3.7	7994.8	41.4	3.9	1981.0	41.0	5.3	2796.8	39.5	4.0	1852.4	43.7	6.7	1143.8	39.7
4.6	4096.7	38.5	3.6	8011.0	42.4	3.4	1990.4	41.1	4.6	2810.2	39.6	3.8	1874.9	42.2	6.2	1153.0	39.4
4.5	4128.1	38.5	3.4	8012.8	42.1	3.2	1984.2	40.8	4.5	2793.8	39.6	3.7	1880.5	44.7	6.0	1149.0	38.8
4.3	4150.7	40.2	3.5	8096.3	42.5	3.2	1994.6	40.6	4.8	2811.4	40.2	3.7	1892.9	43.7	6.2	1155.9	39.5
4.3	4153.6	41.4	3.3	8153.2	42.2	3.3	2000.1	40.5	4.5	2818.6	39.4	3.6	1904.6	43.8	6.3	1156.0	40.6
4.6	4094.3	38.6	3.7	8011.9	41.9	3.7	1974.9	40.1	5.3	2744.9	38.4	4.4	1876.5	41.5	6.9	1138.4	39.9
4.4	4114.8	39.5	3.5	8078.5	41.1	3.6	1987.3	40.1	5.0	2753.7	39.2	3.5	1895.4	41.9	6.7	1144.6	39.5
4.1	4130.9	40.0	3.4	8142.9	40.3	3.2	2004.4	40.1	4.7	2784.0	39.7	3.5	1915.5	41.7	6.3	1148.3	39.8
4.1	4140.2	38.6	3.5	8094.9	40.6	2.7	2000.9	40.1	4.2	2787.9	39.2	3.3	1904.5	41.5	5.9	1153.8	39.8
4.2	4158.8	39.0	3.6	8089.6	40.5	2.9	2009.4	40.2	4.2	2799.3	39.5	3.7	1911.6	41.7	6.0	1156.2	40.4
4.8	4147.3	39.4	4.2	7981.0	41.6	3.8	2018.4	40.3	4.8	2798.0	40	4.6	1917.7	42.4	6.9	1152.9	40.8
5.0	4115.8	39.8	4.5	7872.1	41.8	3.9	1994.0	40.3	4.8	2782.4	39.2	4.2	1894.0	43.0	7.0	1137.2	41.4
4.7	4160.0	39.8	4.5	7971.5	41.4	3.9	2004.4	40.2	4.8	2811.2	42.1	4.0	1911.3	43.8	6.0	1153.8	41.7
4.7	4154.3	39.7	4.5	7958.2	41.3	3.5	2013.3	40.2	4.9	2821.7	42.1	3.7	1922.0	42.1	6.0	1161.2	41.6
4.7	4164.0	39.7	4.5	7947.3	41.1	3.3	2012.4	40.1	4.9	2815.9	39.9	3.2	1936.5	41.7	5.8	1158.3	40.3
4.5	4184.8	39.0	4.4	8020.1	41.1	3.5	2022.0	40.2	5.1	2833.6	39.7	3.3	1947.1	42.1	5.5	1164.2	40.4
5.0	4181.1	39.0	4.7	8053.2	41.0	3.8	2026.7	40.4	5.3	2836.4	41.1	3.6	1953.5	41.9	6.1	1164.3	41.2
5.3	4110.7	38.4	5.0	7871.8	40.3	4.3	1986.0	40.2	5.9	2762.4	40.6	4.4	1910.6	41.3	6.5	1147.3	40.7
5.3	4130.7	39.3	4.8	7927.8	39.6	4.3	1994.5	40.2	5.9	2771.9	38.4	3.4	1928.5	42.1	5.9	1153.5	39.8
5.3	4131.8	39.7	5.0	7949.4	40.6	4.2	2002.7	40.3	6.0	2790.1	38.2	3.8	1937.6	41.1	6.1	1157.6	40.4
5.0	4137.0	39.1	4.9	7875.9	40.0	3.6	2008.4	40.3	5.3	2798.6	39	3.2	1943.5	41.5	5.6	1161.6	39.4
5.7	4147.4	39.3	5.5	7848.6	40.7	4.3	2012.0	40.2	5.9	2805.9	39.8	3.7	1949.3	41.6	6.9	1160.9	39.8
6.2	4119.3	39.9	6.1	7711.2	40.3	5.3	2011.2	40.2	6.7	2782.3	40	5.1	1947.0	43.3	7.7	1152.7	40.4
6.6	4077.9	39.9	6.6	7631.9	39.0	5.5	1990.9	40.3	6.8	2761.4	39.6	4.8	1923.7	42.8	8.0	1128.6	40.8
6.7	4105.2	39.8	7.0	7691.0	39.4	5.6	1992.1	40.3	6.7	2773.3	43.1	5.2	1941.6	42.6	7.4	1141.9	41.1
6.7	4081.5	39.5	6.9	7670.1	40.3	5.4	1992.6	40.3	6.6	2780.5	43.3	5.5	1927.6	41.4	7.1	1145.9	40.4
7.0	4086.5	38.9	7.1	7680.3	39.5	5.6	1998.5	40.1	6.6	2772.9	42.3	5.3	1954.8	43.0	6.9	1141.4	40.9
7.1	4066.6	39.4	7.4	7650.7	39.2	5.9	1978.6	40.0	7.0	2767.5	42.1	5.1	1957.1	43.2	6.7	1141.2	41.2
7.8	4034.8	39.0	7.8	7656.9	38.7	6.5	1962.3	40.0	7.5	2747.0	40.7	5.6	1958.5	42.2	7.7	1131.3	42.0
